#Sample Density: 11 11 11; Volume: Box: 0.5 0.5 0.5
#Frame 0
#Center: 44.16349792480469 30.282499313354492 42.07699966430664
#Basis Matrix:
# 0.8515855073928833 -0.3791637122631073 -0.3619902729988098
# -0.5083217620849609 -0.4285236895084381 -0.746978223323822
# 0.12810559570789337 0.8201233744621277 -0.557661771774292
-0.500 -0.500 -0.500 -1.054 0.011 -0.533
-0.500 -0.500 -0.400 -1.077 0.048 -0.462
-0.500 -0.500 -0.300 -1.092 0.074 -0.387
-0.500 -0.500 -0.200 -1.100 0.090 -0.310
-0.500 -0.500 -0.100 -1.099 0.096 -0.232
-0.500 -0.500 0.000 -1.090 0.092 -0.156
-0.500 -0.500 0.100 -1.074 0.079 -0.082
-0.500 -0.500 0.200 -1.051 0.057 -0.013
-0.500 -0.500 0.300 -1.022 0.028 0.051
-0.500 -0.500 0.400 -0.988 -0.008 0.108
-0.500 -0.500 0.500 -0.949 -0.049 0.157
-0.500 -0.400 -0.500 -0.988 0.030 -0.494
-0.500 -0.400 -0.400 -1.010 0.063 -0.432
-0.500 -0.400 -0.300 -1.024 0.087 -0.367
-0.500 -0.400 -0.200 -1.031 0.102 -0.299
-0.500 -0.400 -0.100 -1.032 0.107 -0.231
-0.500 -0.400 0.000 -1.026 0.104 -0.164
-0.500 -0.400 0.100 -1.014 0.093 -0.098
-0.500 -0.400 0.200 -0.995 0.075 -0.037
-0.500 -0.400 0.300 -0.972 0.049 0.020
-0.500 -0.400 0.400 -0.943 0.018 0.072
-0.500 -0.400 0.500 -0.911 -0.018 0.117
-0.500 -0.300 -0.500 -0.926 0.046 -0.458
-0.500 -0.300 -0.400 -0.946 0.076 -0.405
-0.500 -0.300 -0.300 -0.959 0.097 -0.348
-0.500 -0.300 -0.200 -0.968 0.111 -0.289
-0.500 -0.300 -0.100 -0.970 0.117 -0.229
-0.500 -0.300 0.000 -0.966 0.115 -0.170
-0.500 -0.300 0.100 -0.956 0.106 -0.112
-0.500 -0.300 0.200 -0.941 0.089 -0.057
-0.500 -0.300 0.300 -0.922 0.067 -0.006
-0.500 -0.300 0.400 -0.898 0.040 0.040
-0.500 -0.300 0.500 -0.872 0.009 0.081
-0.500 -0.200 -0.500 -0.867 0.060 -0.426
-0.500 -0.200 -0.400 -0.885 0.087 -0.380
-0.500 -0.200 -0.300 -0.899 0.106 -0.331
-0.500 -0.200 -0.200 -0.907 0.119 -0.280
-0.500 -0.200 -0.100 -0.910 0.125 -0.227
-0.500 -0.200 0.000 -0.908 0.124 -0.175
-0.500 -0.200 0.100 -0.901 0.116 -0.124
-0.500 -0.200 0.200 -0.890 0.102 -0.075
-0.500 -0.200 0.300 -0.875 0.083 -0.029
-0.500 -0.200 0.400 -0.855 0.060 0.013
-0.500 -0.200 0.500 -0.833 0.032 0.050
-0.500 -0.100 -0.500 -0.811 0.073 -0.398
-0.500 -0.100 -0.400 -0.828 0.096 -0.358
-0.500 -0.100 -0.300 -0.841 0.114 -0.316
-0.500 -0.100 -0.200 -0.850 0.126 -0.271
-0.500 -0.100 -0.100 -0.854 0.132 -0.225
-0.500 -0.100 0.000 -0.854 0.131 -0.179
-0.500 -0.100 0.100 -0.849 0.125 -0.134
-0.500 -0.100 0.200 -0.841 0.114 -0.090
-0.500 -0.100 0.300 -0.828 0.097 -0.049
-0.500 -0.100 0.400 -0.812 0.077 -0.011
-0.500 -0.100 0.500 -0.794 0.053 0.023
-0.500 0.000 -0.500 -0.758 0.084 -0.373
-0.500 0.000 -0.400 -0.774 0.105 -0.339
-0.500 0.000 -0.300 -0.787 0.121 -0.302
-0.500 0.000 -0.200 -0.796 0.132 -0.263
-0.500 0.000 -0.100 -0.801 0.138 -0.222
-0.500 0.000 0.000 -0.802 0.138 -0.182
-0.500 0.000 0.100 -0.799 0.133 -0.142
-0.500 0.000 0.200 -0.793 0.124 -0.103
-0.500 0.000 0.300 -0.784 0.110 -0.066
-0.500 0.000 0.400 -0.771 0.092 -0.032
-0.500 0.000 0.500 -0.756 0.072 -0.001
-0.500 0.100 -0.500 -0.708 0.094 -0.350
-0.500 0.100 -0.400 -0.724 0.113 -0.321
-0.500 0.100 -0.300 -0.736 0.127 -0.289
-0.500 0.100 -0.200 -0.745 0.137 -0.255
-0.500 0.100 -0.100 -0.750 0.143 -0.219
-0.500 0.100 0.000 -0.753 0.144 -0.184
-0.500 0.100 0.100 -0.752 0.140 -0.148
-0.500 0.100 0.200 -0.748 0.132 -0.114
-0.500 0.100 0.300 -0.740 0.121 -0.081
-0.500 0.100 0.400 -0.730 0.106 -0.050
-0.500 0.100 0.500 -0.718 0.088 -0.022
-0.500 0.200 -0.500 -0.661 0.102 -0.330
-0.500 0.200 -0.400 -0.675 0.120 -0.305
-0.500 0.200 -0.300 -0.688 0.133 -0.277
-0.500 0.200 -0.200 -0.696 0.142 -0.247
-0.500 0.200 -0.100 -0.703 0.148 -0.216
-0.500 0.200 0.000 -0.706 0.149 -0.185
-0.500 0.200 0.100 -0.706 0.147 -0.153
-0.500 0.200 0.200 -0.704 0.140 -0.122
-0.500 0.200 0.300 -0.699 0.131 -0.093
-0.500 0.200 0.400 -0.691 0.118 -0.065
-0.500 0.200 0.500 -0.681 0.103 -0.040
-0.500 0.300 -0.500 -0.615 0.110 -0.312
-0.500 0.300 -0.400 -0.629 0.126 -0.290
-0.500 0.300 -0.300 -0.641 0.138 -0.266
-0.500 0.300 -0.200 -0.650 0.147 -0.240
-0.500 0.300 -0.100 -0.657 0.152 -0.213
-0.500 0.300 0.000 -0.661 0.154 -0.185
-0.500 0.300 0.100 -0.663 0.152 -0.157
-0.500 0.300 0.200 -0.662 0.148 -0.130
-0.500 0.300 0.300 -0.658 0.140 -0.103
-0.500 0.300 0.400 -0.652 0.129 -0.078
-0.500 0.300 0.500 -0.644 0.116 -0.055
-0.500 0.400 -0.500 -0.572 0.117 -0.296
-0.500 0.400 -0.400 -0.586 0.131 -0.277
-0.500 0.400 -0.300 -0.598 0.142 -0.256
-0.500 0.400 -0.200 -0.607 0.151 -0.233
-0.500 0.400 -0.100 -0.614 0.156 -0.209
-0.500 0.400 0.000 -0.619 0.158 -0.184
-0.500 0.400 0.100 -0.621 0.157 -0.160
-0.500 0.400 0.200 -0.621 0.154 -0.135
-0.500 0.400 0.300 -0.618 0.148 -0.111
-0.500 0.400 0.400 -0.614 0.139 -0.089
-0.500 0.400 0.500 -0.608 0.128 -0.068
-0.500 0.500 -0.500 -0.532 0.123 -0.281
-0.500 0.500 -0.400 -0.545 0.136 -0.265
-0.500 0.500 -0.300 -0.556 0.146 -0.246
-0.500 0.500 -0.200 -0.565 0.154 -0.226
-0.500 0.500 -0.100 -0.572 0.159 -0.205
-0.500 0.500 0.000 -0.577 0.162 -0.183
-0.500 0.500 0.100 -0.581 0.162 -0.161
-0.500 0.500 0.200 -0.581 0.160 -0.139
-0.500 0.500 0.300 -0.580 0.155 -0.118
-0.500 0.500 0.400 -0.577 0.148 -0.098
-0.500 0.500 0.500 -0.572 0.139 -0.079
-0.400 -0.500 -0.500 -1.145 0.084 -0.561
-0.400 -0.500 -0.400 -1.169 0.123 -0.482
-0.400 -0.500 -0.300 -1.185 0.151 -0.399
-0.400 -0.500 -0.200 -1.191 0.167 -0.313
-0.400 -0.500 -0.100 -1.190 0.171 -0.227
-0.400 -0.500 0.000 -1.181 0.163 -0.143
-0.400 -0.500 0.100 -1.163 0.146 -0.062
-0.400 -0.500 0.200 -1.139 0.119 0.014
-0.400 -0.500 0.300 -1.107 0.084 0.084
-0.400 -0.500 0.400 -1.070 0.042 0.146
-0.400 -0.500 0.500 -1.029 -0.006 0.199
-0.400 -0.400 -0.500 -1.066 0.099 -0.519
-0.400 -0.400 -0.400 -1.089 0.134 -0.450
-0.400 -0.400 -0.300 -1.104 0.159 -0.378
-0.400 -0.400 -0.200 -1.111 0.173 -0.303
-0.400 -0.400 -0.100 -1.112 0.177 -0.228
-0.400 -0.400 0.000 -1.105 0.172 -0.154
-0.400 -0.400 0.100 -1.092 0.157 -0.082
-0.400 -0.400 0.200 -1.072 0.134 -0.015
-0.400 -0.400 0.300 -1.047 0.104 0.047
-0.400 -0.400 0.400 -1.017 0.067 0.103
-0.400 -0.400 0.500 -0.982 0.025 0.152
-0.400 -0.300 -0.500 -0.993 0.111 -0.481
-0.400 -0.300 -0.400 -1.014 0.143 -0.422
-0.400 -0.300 -0.300 -1.028 0.165 -0.359
-0.400 -0.300 -0.200 -1.037 0.178 -0.294
-0.400 -0.300 -0.100 -1.039 0.183 -0.229
-0.400 -0.300 0.000 -1.035 0.178 -0.163
-0.400 -0.300 0.100 -1.025 0.166 -0.100
-0.400 -0.300 0.200 -1.010 0.146 -0.040
-0.400 -0.300 0.300 -0.989 0.120 0.016
-0.400 -0.300 0.400 -0.964 0.088 0.066
-0.400 -0.300 0.500 -0.936 0.051 0.111
-0.400 -0.200 -0.500 -0.925 0.122 -0.448
-0.400 -0.200 -0.400 -0.944 0.150 -0.397
-0.400 -0.200 -0.300 -0.958 0.170 -0.343
-0.400 -0.200 -0.200 -0.967 0.182 -0.286
-0.400 -0.200 -0.100 -0.971 0.187 -0.228
-0.400 -0.200 0.000 -0.969 0.183 -0.171
-0.400 -0.200 0.100 -0.962 0.173 -0.115
-0.400 -0.200 0.200 -0.950 0.156 -0.061
-0.400 -0.200 0.300 -0.934 0.134 -0.011
-0.400 -0.200 0.400 -0.914 0.106 0.034
-0.400 -0.200 0.500 -0.891 0.074 0.074
-0.400 -0.100 -0.500 -0.861 0.131 -0.418
-0.400 -0.100 -0.400 -0.879 0.156 -0.374
-0.400 -0.100 -0.300 -0.893 0.174 -0.327
-0.400 -0.100 -0.200 -0.902 0.185 -0.278
-0.400 -0.100 -0.100 -0.907 0.190 -0.227
-0.400 -0.100 0.000 -0.907 0.188 -0.177
-0.400 -0.100 0.100 -0.903 0.179 -0.127
-0.400 -0.100 0.200 -0.895 0.165 -0.080
-0.400 -0.100 0.300 -0.882 0.146 -0.035
-0.400 -0.100 0.400 -0.866 0.122 0.006
-0.400 -0.100 0.500 -0.846 0.094 0.043
-0.400 0.000 -0.500 -0.801 0.138 -0.391
-0.400 0.000 -0.400 -0.818 0.161 -0.354
-0.400 0.000 -0.300 -0.832 0.177 -0.313
-0.400 0.000 -0.200 -0.842 0.188 -0.270
-0.400 0.000 -0.100 -0.848 0.192 -0.226
-0.400 0.000 0.000 -0.849 0.191 -0.181
-0.400 0.000 0.100 -0.847 0.184 -0.137
-0.400 0.000 0.200 -0.841 0.173 -0.095
-0.400 0.000 0.300 -0.832 0.156 -0.055
-0.400 0.000 0.400 -0.819 0.136 -0.018
-0.400 0.000 0.500 -0.803 0.112 0.015
-0.400 0.100 -0.500 -0.745 0.145 -0.368
-0.400 0.100 -0.400 -0.762 0.165 -0.335
-0.400 0.100 -0.300 -0.775 0.180 -0.300
-0.400 0.100 -0.200 -0.785 0.190 -0.262
-0.400 0.100 -0.100 -0.792 0.194 -0.224
-0.400 0.100 0.000 -0.794 0.194 -0.185
-0.400 0.100 0.100 -0.794 0.189 -0.146
-0.400 0.100 0.200 -0.791 0.180 -0.108
-0.400 0.100 0.300 -0.784 0.166 -0.072
-0.400 0.100 0.400 -0.773 0.148 -0.039
-0.400 0.100 0.500 -0.761 0.128 -0.008
-0.400 0.200 -0.500 -0.692 0.151 -0.346
-0.400 0.200 -0.400 -0.708 0.169 -0.319
-0.400 0.200 -0.300 -0.722 0.182 -0.288
-0.400 0.200 -0.200 -0.732 0.192 -0.255
-0.400 0.200 -0.100 -0.739 0.197 -0.221
-0.400 0.200 0.000 -0.743 0.197 -0.187
-0.400 0.200 0.100 -0.744 0.193 -0.152
-0.400 0.200 0.200 -0.742 0.186 -0.119
-0.400 0.200 0.300 -0.737 0.174 -0.087
-0.400 0.200 0.400 -0.729 0.160 -0.056
-0.400 0.200 0.500 -0.720 0.142 -0.029
-0.400 0.300 -0.500 -0.643 0.156 -0.328
-0.400 0.300 -0.400 -0.658 0.172 -0.304
-0.400 0.300 -0.300 -0.671 0.185 -0.277
-0.400 0.300 -0.200 -0.682 0.194 -0.248
-0.400 0.300 -0.100 -0.689 0.198 -0.219
-0.400 0.300 0.000 -0.694 0.200 -0.188
-0.400 0.300 0.100 -0.696 0.197 -0.157
-0.400 0.300 0.200 -0.696 0.191 -0.127
-0.400 0.300 0.300 -0.692 0.182 -0.098
-0.400 0.300 0.400 -0.687 0.170 -0.071
-0.400 0.300 0.500 -0.679 0.155 -0.046
-0.400 0.400 -0.500 -0.597 0.161 -0.311
-0.400 0.400 -0.400 -0.611 0.175 -0.290
-0.400 0.400 -0.300 -0.624 0.187 -0.267
-0.400 0.400 -0.200 -0.634 0.195 -0.242
-0.400 0.400 -0.100 -0.642 0.200 -0.215
-0.400 0.400 0.000 -0.647 0.202 -0.188
-0.400 0.400 0.100 -0.651 0.200 -0.161
-0.400 0.400 0.200 -0.651 0.196 -0.134
-0.400 0.400 0.300 -0.649 0.188 -0.108
-0.400 0.400 0.400 -0.646 0.178 -0.084
-0.400 0.400 0.500 -0.639 0.166 -0.061
-0.400 0.500 -0.500 -0.552 0.165 -0.296
-0.400 0.500 -0.400 -0.566 0.178 -0.278
-0.400 0.500 -0.300 -0.579 0.189 -0.257
-0.400 0.500 -0.200 -0.589 0.196 -0.235
-0.400 0.500 -0.100 -0.597 0.202 -0.212
-0.400 0.500 0.000 -0.603 0.204 -0.188
-0.400 0.500 0.100 -0.607 0.203 -0.163
-0.400 0.500 0.200 -0.608 0.200 -0.139
-0.400 0.500 0.300 -0.608 0.194 -0.116
-0.400 0.500 0.400 -0.605 0.186 -0.094
-0.400 0.500 0.500 -0.600 0.176 -0.073
-0.300 -0.500 -0.500 -1.237 0.172 -0.590
-0.300 -0.500 -0.400 -1.263 0.214 -0.503
-0.300 -0.500 -0.300 -1.279 0.242 -0.411
-0.300 -0.500 -0.200 -1.287 0.257 -0.316
-0.300 -0.500 -0.100 -1.285 0.259 -0.221
-0.300 -0.500 0.000 -1.275 0.248 -0.128
-0.300 -0.500 0.100 -1.256 0.226 -0.039
-0.300 -0.500 0.200 -1.229 0.193 0.044
-0.300 -0.500 0.300 -1.196 0.151 0.119
-0.300 -0.500 0.400 -1.156 0.102 0.186
-0.300 -0.500 0.500 -1.112 0.046 0.243
-0.300 -0.400 -0.500 -1.146 0.181 -0.545
-0.300 -0.400 -0.400 -1.169 0.218 -0.470
-0.300 -0.400 -0.300 -1.186 0.243 -0.390
-0.300 -0.400 -0.200 -1.193 0.257 -0.308
-0.300 -0.400 -0.100 -1.194 0.259 -0.225
-0.300 -0.400 0.000 -1.187 0.251 -0.143
-0.300 -0.400 0.100 -1.173 0.232 -0.065
-0.300 -0.400 0.200 -1.151 0.204 0.009
-0.300 -0.400 0.300 -1.125 0.167 0.076
-0.300 -0.400 0.400 -1.093 0.124 0.137
-0.300 -0.400 0.500 -1.057 0.076 0.189
-0.300 -0.300 -0.500 -1.061 0.188 -0.505
-0.300 -0.300 -0.400 -1.083 0.220 -0.440
-0.300 -0.300 -0.300 -1.099 0.243 -0.371
-0.300 -0.300 -0.200 -1.107 0.256 -0.300
-0.300 -0.300 -0.100 -1.109 0.258 -0.228
-0.300 -0.300 0.000 -1.105 0.251 -0.156
-0.300 -0.300 0.100 -1.096 0.236 -0.087
-0.300 -0.300 0.200 -1.079 0.212 -0.021
-0.300 -0.300 0.300 -1.059 0.180 0.039
-0.300 -0.300 0.400 -1.032 0.143 0.094
-0.300 -0.300 0.500 -1.002 0.101 0.141
-0.300 -0.200 -0.500 -0.982 0.192 -0.470
-0.300 -0.200 -0.400 -1.003 0.221 -0.414
-0.300 -0.200 -0.300 -1.019 0.242 -0.354
-0.300 -0.200 -0.200 -1.028 0.254 -0.292
-0.300 -0.200 -0.100 -1.032 0.257 -0.229
-0.300 -0.200 0.000 -1.030 0.251 -0.167
-0.300 -0.200 0.100 -1.023 0.238 -0.105
-0.300 -0.200 0.200 -1.012 0.218 -0.047
-0.300 -0.200 0.300 -0.996 0.191 0.007
-0.300 -0.200 0.400 -0.975 0.159 0.056
-0.300 -0.200 0.500 -0.951 0.122 0.100
-0.300 -0.100 -0.500 -0.911 0.196 -0.439
-0.300 -0.100 -0.400 -0.930 0.222 -0.391
-0.300 -0.100 -0.300 -0.945 0.240 -0.339
-0.300 -0.100 -0.200 -0.955 0.251 -0.285
-0.300 -0.100 -0.100 -0.960 0.255 -0.230
-0.300 -0.100 0.000 -0.961 0.251 -0.175
-0.300 -0.100 0.100 -0.958 0.240 -0.121
-0.300 -0.100 0.200 -0.949 0.223 -0.069
-0.300 -0.100 0.300 -0.937 0.200 -0.021
-0.300 -0.100 0.400 -0.920 0.172 0.024
-0.300 -0.100 0.500 -0.900 0.141 0.064
-0.300 0.000 -0.500 -0.844 0.199 -0.411
-0.300 0.000 -0.400 -0.862 0.222 -0.370
-0.300 0.000 -0.300 -0.877 0.239 -0.325
-0.300 0.000 -0.200 -0.888 0.249 -0.278
-0.300 0.000 -0.100 -0.895 0.253 -0.230
-0.300 0.000 0.000 -0.897 0.250 -0.181
-0.300 0.000 0.100 -0.896 0.242 -0.134
-0.300 0.000 0.200 -0.890 0.227 -0.088
-0.300 0.000 0.300 -0.881 0.208 -0.044
-0.300 0.000 0.400 -0.868 0.184 -0.004
-0.300 0.000 0.500 -0.852 0.157 0.033
-0.300 0.100 -0.500 -0.782 0.202 -0.386
-0.300 0.100 -0.400 -0.799 0.223 -0.351
-0.300 0.100 -0.300 -0.814 0.238 -0.312
-0.300 0.100 -0.200 -0.825 0.247 -0.271
-0.300 0.100 -0.100 -0.833 0.251 -0.229
-0.300 0.100 0.000 -0.837 0.250 -0.186
-0.300 0.100 0.100 -0.837 0.243 -0.144
-0.300 0.100 0.200 -0.834 0.231 -0.103
-0.300 0.100 0.300 -0.828 0.215 -0.064
-0.300 0.100 0.400 -0.818 0.195 -0.028
-0.300 0.100 0.500 -0.805 0.172 0.006
-0.300 0.200 -0.500 -0.724 0.204 -0.364
-0.300 0.200 -0.400 -0.741 0.223 -0.334
-0.300 0.200 -0.300 -0.755 0.237 -0.300
-0.300 0.200 -0.200 -0.767 0.246 -0.265
-0.300 0.200 -0.100 -0.775 0.250 -0.228
-0.300 0.200 0.000 -0.780 0.250 -0.190
-0.300 0.200 0.100 -0.782 0.244 -0.152
-0.300 0.200 0.200 -0.781 0.235 -0.116
-0.300 0.200 0.300 -0.777 0.222 -0.081
-0.300 0.200 0.400 -0.770 0.205 -0.048
-0.300 0.200 0.500 -0.760 0.185 -0.018
-0.300 0.300 -0.500 -0.670 0.206 -0.345
-0.300 0.300 -0.400 -0.687 0.223 -0.318
-0.300 0.300 -0.300 -0.701 0.236 -0.289
-0.300 0.300 -0.200 -0.712 0.244 -0.258
-0.300 0.300 -0.100 -0.721 0.249 -0.225
-0.300 0.300 0.000 -0.728 0.249 -0.192
-0.300 0.300 0.100 -0.730 0.246 -0.159
-0.300 0.300 0.200 -0.731 0.238 -0.126
-0.300 0.300 0.300 -0.729 0.228 -0.094
-0.300 0.300 0.400 -0.723 0.214 -0.065
-0.300 0.300 0.500 -0.715 0.197 -0.037
-0.300 0.400 -0.500 -0.620 0.208 -0.327
-0.300 0.400 -0.400 -0.636 0.223 -0.304
-0.300 0.400 -0.300 -0.649 0.235 -0.279
-0.300 0.400 -0.200 -0.661 0.243 -0.251
-0.300 0.400 -0.100 -0.670 0.248 -0.223
-0.300 0.400 0.000 -0.677 0.249 -0.193
-0.300 0.400 0.100 -0.681 0.247 -0.163
-0.300 0.400 0.200 -0.683 0.241 -0.134
-0.300 0.400 0.300 -0.682 0.233 -0.106
-0.300 0.400 0.400 -0.678 0.221 -0.079
-0.300 0.400 0.500 -0.672 0.207 -0.054
-0.300 0.500 -0.500 -0.572 0.209 -0.311
-0.300 0.500 -0.400 -0.588 0.223 -0.291
-0.300 0.500 -0.300 -0.601 0.234 -0.269
-0.300 0.500 -0.200 -0.613 0.242 -0.245
-0.300 0.500 -0.100 -0.622 0.247 -0.219
-0.300 0.500 0.000 -0.629 0.249 -0.193
-0.300 0.500 0.100 -0.634 0.248 -0.167
-0.300 0.500 0.200 -0.636 0.244 -0.140
-0.300 0.500 0.300 -0.636 0.237 -0.115
-0.300 0.500 0.400 -0.634 0.228 -0.090
-0.300 0.500 0.500 -0.629 0.216 -0.068
-0.200 -0.500 -0.500 -1.332 0.276 -0.621
-0.200 -0.500 -0.400 -1.358 0.320 -0.524
-0.200 -0.500 -0.300 -1.376 0.348 -0.423
-0.200 -0.500 -0.200 -1.384 0.363 -0.319
-0.200 -0.500 -0.100 -1.382 0.362 -0.215
-0.200 -0.500 0.000 -1.370 0.347 -0.113
-0.200 -0.500 0.100 -1.350 0.319 -0.016
-0.200 -0.500 0.200 -1.321 0.280 0.075
-0.200 -0.500 0.300 -1.285 0.231 0.157
-0.200 -0.500 0.400 -1.244 0.173 0.229
-0.200 -0.500 0.500 -1.197 0.109 0.291
-0.200 -0.400 -0.500 -1.226 0.276 -0.573
-0.200 -0.400 -0.400 -1.250 0.315 -0.490
-0.200 -0.400 -0.300 -1.267 0.340 -0.403
-0.200 -0.400 -0.200 -1.275 0.353 -0.312
-0.200 -0.400 -0.100 -1.276 0.354 -0.222
-0.200 -0.400 0.000 -1.269 0.341 -0.133
-0.200 -0.400 0.100 -1.254 0.318 -0.047
-0.200 -0.400 0.200 -1.231 0.284 0.033
-0.200 -0.400 0.300 -1.203 0.241 0.107
-0.200 -0.400 0.400 -1.170 0.191 0.172
-0.200 -0.400 0.500 -1.132 0.135 0.228
-0.200 -0.300 -0.500 -1.128 0.274 -0.531
-0.200 -0.300 -0.400 -1.151 0.309 -0.460
-0.200 -0.300 -0.300 -1.167 0.332 -0.384
-0.200 -0.300 -0.200 -1.177 0.344 -0.306
-0.200 -0.300 -0.100 -1.180 0.344 -0.227
-0.200 -0.300 0.000 -1.177 0.334 -0.149
-0.200 -0.300 0.100 -1.166 0.315 -0.074
-0.200 -0.300 0.200 -1.149 0.286 -0.002
-0.200 -0.300 0.300 -1.128 0.249 0.063
-0.200 -0.300 0.400 -1.101 0.206 0.122
-0.200 -0.300 0.500 -1.070 0.157 0.174
-0.200 -0.200 -0.500 -1.039 0.272 -0.493
-0.200 -0.200 -0.400 -1.062 0.302 -0.433
-0.200 -0.200 -0.300 -1.077 0.323 -0.367
-0.200 -0.200 -0.200 -1.088 0.334 -0.300
-0.200 -0.200 -0.100 -1.093 0.335 -0.231
-0.200 -0.200 0.000 -1.092 0.328 -0.163
-0.200 -0.200 0.100 -1.086 0.311 -0.096
-0.200 -0.200 0.200 -1.074 0.287 -0.033
-0.200 -0.200 0.300 -1.058 0.255 0.026
-0.200 -0.200 0.400 -1.036 0.218 0.079
-0.200 -0.200 0.500 -1.012 0.176 0.126
-0.200 -0.100 -0.500 -0.959 0.270 -0.461
-0.200 -0.100 -0.400 -0.979 0.296 -0.408
-0.200 -0.100 -0.300 -0.996 0.315 -0.352
-0.200 -0.100 -0.200 -1.007 0.325 -0.294
-0.200 -0.100 -0.100 -1.014 0.327 -0.234
-0.200 -0.100 0.000 -1.016 0.321 -0.174
-0.200 -0.100 0.100 -1.012 0.308 -0.115
-0.200 -0.100 0.200 -1.004 0.287 -0.059
-0.200 -0.100 0.300 -0.992 0.260 -0.006
-0.200 -0.100 0.400 -0.976 0.229 0.042
-0.200 -0.100 0.500 -0.956 0.192 0.085
-0.200 0.000 -0.500 -0.885 0.267 -0.432
-0.200 0.000 -0.400 -0.905 0.291 -0.387
-0.200 0.000 -0.300 -0.921 0.308 -0.338
-0.200 0.000 -0.200 -0.933 0.317 -0.287
-0.200 0.000 -0.100 -0.941 0.320 -0.235
-0.200 0.000 0.000 -0.944 0.315 -0.182
-0.200 0.000 0.100 -0.944 0.304 -0.130
-0.200 0.000 0.200 -0.939 0.288 -0.081
-0.200 0.000 0.300 -0.931 0.265 -0.033
-0.200 0.000 0.400 -0.918 0.238 0.010
-0.200 0.000 0.500 -0.902 0.207 0.050
-0.200 0.100 -0.500 -0.817 0.264 -0.406
-0.200 0.100 -0.400 -0.836 0.286 -0.368
-0.200 0.100 -0.300 -0.852 0.301 -0.326
-0.200 0.100 -0.200 -0.865 0.310 -0.281
-0.200 0.100 -0.100 -0.874 0.313 -0.235
-0.200 0.100 0.000 -0.879 0.311 -0.189
-0.200 0.100 0.100 -0.880 0.302 -0.143
-0.200 0.100 0.200 -0.878 0.288 -0.099
-0.200 0.100 0.300 -0.873 0.269 -0.056
-0.200 0.100 0.400 -0.863 0.246 -0.017
-0.200 0.100 0.500 -0.851 0.220 0.019
-0.200 0.200 -0.500 -0.754 0.262 -0.383
-0.200 0.200 -0.400 -0.773 0.281 -0.350
-0.200 0.200 -0.300 -0.789 0.295 -0.314
-0.200 0.200 -0.200 -0.802 0.304 -0.275
-0.200 0.200 -0.100 -0.812 0.308 -0.235
-0.200 0.200 0.000 -0.818 0.306 -0.194
-0.200 0.200 0.100 -0.821 0.300 -0.153
-0.200 0.200 0.200 -0.821 0.289 -0.113
-0.200 0.200 0.300 -0.817 0.273 -0.075
-0.200 0.200 0.400 -0.811 0.254 -0.039
-0.200 0.200 0.500 -0.801 0.232 -0.006
-0.200 0.300 -0.500 -0.696 0.260 -0.363
-0.200 0.300 -0.400 -0.714 0.278 -0.334
-0.200 0.300 -0.300 -0.730 0.291 -0.303
-0.200 0.300 -0.200 -0.743 0.299 -0.269
-0.200 0.300 -0.100 -0.753 0.303 -0.234
-0.200 0.300 0.000 -0.761 0.303 -0.197
-0.200 0.300 0.100 -0.765 0.298 -0.161
-0.200 0.300 0.200 -0.767 0.290 -0.125
-0.200 0.300 0.300 -0.765 0.277 -0.091
-0.200 0.300 0.400 -0.761 0.261 -0.058
-0.200 0.300 0.500 -0.753 0.243 -0.028
-0.200 0.400 -0.500 -0.642 0.259 -0.345
-0.200 0.400 -0.400 -0.659 0.274 -0.320
-0.200 0.400 -0.300 -0.675 0.286 -0.292
-0.200 0.400 -0.200 -0.688 0.295 -0.263
-0.200 0.400 -0.100 -0.699 0.299 -0.231
-0.200 0.400 0.000 -0.707 0.300 -0.199
-0.200 0.400 0.100 -0.712 0.297 -0.167
-0.200 0.400 0.200 -0.715 0.290 -0.135
-0.200 0.400 0.300 -0.715 0.281 -0.104
-0.200 0.400 0.400 -0.712 0.268 -0.074
-0.200 0.400 0.500 -0.706 0.252 -0.047
-0.200 0.500 -0.500 -0.591 0.257 -0.328
-0.200 0.500 -0.400 -0.608 0.271 -0.307
-0.200 0.500 -0.300 -0.623 0.282 -0.282
-0.200 0.500 -0.200 -0.636 0.291 -0.256
-0.200 0.500 -0.100 -0.647 0.295 -0.229
-0.200 0.500 0.000 -0.656 0.297 -0.200
-0.200 0.500 0.100 -0.662 0.295 -0.171
-0.200 0.500 0.200 -0.665 0.291 -0.142
-0.200 0.500 0.300 -0.666 0.283 -0.114
-0.200 0.500 0.400 -0.664 0.273 -0.087
-0.200 0.500 0.500 -0.660 0.260 -0.062
-0.100 -0.500 -0.500 -1.424 0.396 -0.652
-0.100 -0.500 -0.400 -1.452 0.442 -0.547
-0.100 -0.500 -0.300 -1.471 0.472 -0.436
-0.100 -0.500 -0.200 -1.479 0.484 -0.322
-0.100 -0.500 -0.100 -1.477 0.481 -0.208
-0.100 -0.500 0.000 -1.464 0.461 -0.096
-0.100 -0.500 0.100 -1.442 0.427 0.010
-0.100 -0.500 0.200 -1.412 0.380 0.108
-0.100 -0.500 0.300 -1.375 0.322 0.197
-0.100 -0.500 0.400 -1.331 0.255 0.275
-0.100 -0.500 0.500 -1.282 0.181 0.341
-0.100 -0.400 -0.500 -1.302 0.385 -0.602
-0.100 -0.400 -0.400 -1.328 0.425 -0.511
-0.100 -0.400 -0.300 -1.346 0.451 -0.416
-0.100 -0.400 -0.200 -1.355 0.463 -0.317
-0.100 -0.400 -0.100 -1.356 0.460 -0.218
-0.100 -0.400 0.000 -1.349 0.444 -0.121
-0.100 -0.400 0.100 -1.333 0.416 -0.028
-0.100 -0.400 0.200 -1.311 0.375 0.059
-0.100 -0.400 0.300 -1.281 0.325 0.138
-0.100 -0.400 0.400 -1.247 0.267 0.209
-0.100 -0.400 0.500 -1.207 0.203 0.269
-0.100 -0.300 -0.500 -1.192 0.373 -0.557
-0.100 -0.300 -0.400 -1.217 0.408 -0.480
-0.100 -0.300 -0.300 -1.234 0.432 -0.398
-0.100 -0.300 -0.200 -1.245 0.442 -0.313
-0.100 -0.300 -0.100 -1.249 0.441 -0.227
-0.100 -0.300 0.000 -1.245 0.428 -0.142
-0.100 -0.300 0.100 -1.235 0.403 -0.060
-0.100 -0.300 0.200 -1.219 0.369 0.017
-0.100 -0.300 0.300 -1.196 0.326 0.088
-0.100 -0.300 0.400 -1.169 0.276 0.152
-0.100 -0.300 0.500 -1.138 0.221 0.207
-0.100 -0.200 -0.500 -1.094 0.361 -0.519
-0.100 -0.200 -0.400 -1.116 0.393 -0.452
-0.100 -0.200 -0.300 -1.134 0.413 -0.382
-0.100 -0.200 -0.200 -1.146 0.423 -0.308
-0.100 -0.200 -0.100 -1.152 0.423 -0.233
-0.100 -0.200 0.000 -1.152 0.412 -0.159
-0.100 -0.200 0.100 -1.146 0.392 -0.087
-0.100 -0.200 0.200 -1.135 0.363 -0.019
-0.100 -0.200 0.300 -1.119 0.327 0.045
-0.100 -0.200 0.400 -1.098 0.284 0.102
-0.100 -0.200 0.500 -1.072 0.236 0.153
-0.100 -0.100 -0.500 -1.005 0.351 -0.484
-0.100 -0.100 -0.400 -1.026 0.378 -0.428
-0.100 -0.100 -0.300 -1.044 0.397 -0.367
-0.100 -0.100 -0.200 -1.057 0.406 -0.303
-0.100 -0.100 -0.100 -1.064 0.407 -0.238
-0.100 -0.100 0.000 -1.067 0.398 -0.173
-0.100 -0.100 0.100 -1.065 0.382 -0.110
-0.100 -0.100 0.200 -1.059 0.357 -0.049
-0.100 -0.100 0.300 -1.047 0.327 0.008
-0.100 -0.100 0.400 -1.031 0.290 0.060
-0.100 -0.100 0.500 -1.012 0.249 0.107
-0.100 0.000 -0.500 -0.924 0.341 -0.454
-0.100 0.000 -0.400 -0.945 0.365 -0.406
-0.100 0.000 -0.300 -0.962 0.382 -0.353
-0.100 0.000 -0.200 -0.976 0.391 -0.298
-0.100 0.000 -0.100 -0.986 0.393 -0.242
-0.100 0.000 0.000 -0.991 0.386 -0.185
-0.100 0.000 0.100 -0.992 0.373 -0.128
-0.100 0.000 0.200 -0.988 0.353 -0.074
-0.100 0.000 0.300 -0.980 0.327 -0.023
-0.100 0.000 0.400 -0.969 0.296 0.024
-0.100 0.000 0.500 -0.954 0.261 0.067
-0.100 0.100 -0.500 -0.850 0.332 -0.428
-0.100 0.100 -0.400 -0.871 0.354 -0.386
-0.100 0.100 -0.300 -0.888 0.370 -0.341
-0.100 0.100 -0.200 -0.902 0.378 -0.293
-0.100 0.100 -0.100 -0.913 0.380 -0.243
-0.100 0.100 0.000 -0.920 0.376 -0.193
-0.100 0.100 0.100 -0.923 0.365 -0.144
-0.100 0.100 0.200 -0.922 0.349 -0.095
-0.100 0.100 0.300 -0.918 0.328 -0.049
-0.100 0.100 0.400 -0.910 0.302 -0.006
-0.100 0.100 0.500 -0.898 0.272 0.033
-0.100 0.200 -0.500 -0.782 0.325 -0.404
-0.100 0.200 -0.400 -0.803 0.344 -0.368
-0.100 0.200 -0.300 -0.820 0.359 -0.329
-0.100 0.200 -0.200 -0.835 0.367 -0.287
-0.100 0.200 -0.100 -0.846 0.370 -0.244
-0.100 0.200 0.000 -0.854 0.367 -0.200
-0.100 0.200 0.100 -0.859 0.359 -0.156
-0.100 0.200 0.200 -0.861 0.346 -0.112
-0.100 0.200 0.300 -0.859 0.329 -0.071
-0.100 0.200 0.400 -0.854 0.308 -0.032
-0.100 0.200 0.500 -0.845 0.283 0.004
-0.100 0.300 -0.500 -0.720 0.318 -0.383
-0.100 0.300 -0.400 -0.740 0.336 -0.352
-0.100 0.300 -0.300 -0.757 0.349 -0.318
-0.100 0.300 -0.200 -0.772 0.358 -0.281
-0.100 0.300 -0.100 -0.784 0.361 -0.243
-0.100 0.300 0.000 -0.793 0.360 -0.204
-0.100 0.300 0.100 -0.800 0.354 -0.165
-0.100 0.300 0.200 -0.803 0.344 -0.126
-0.100 0.300 0.300 -0.803 0.330 -0.088
-0.100 0.300 0.400 -0.799 0.313 -0.053
-0.100 0.300 0.500 -0.792 0.292 -0.020
-0.100 0.400 -0.500 -0.663 0.313 -0.364
-0.100 0.400 -0.400 -0.682 0.329 -0.337
-0.100 0.400 -0.300 -0.699 0.341 -0.308
-0.100 0.400 -0.200 -0.714 0.350 -0.275
-0.100 0.400 -0.100 -0.726 0.354 -0.242
-0.100 0.400 0.000 -0.736 0.354 -0.207
-0.100 0.400 0.100 -0.743 0.350 -0.172
-0.100 0.400 0.200 -0.748 0.343 -0.137
-0.100 0.400 0.300 -0.749 0.332 -0.103
-0.100 0.400 0.400 -0.747 0.318 -0.070
-0.100 0.400 0.500 -0.742 0.301 -0.040
-0.100 0.500 -0.500 -0.609 0.307 -0.347
-0.100 0.500 -0.400 -0.627 0.322 -0.323
-0.100 0.500 -0.300 -0.644 0.334 -0.297
-0.100 0.500 -0.200 -0.659 0.342 -0.269
-0.100 0.500 -0.100 -0.671 0.347 -0.239
-0.100 0.500 0.000 -0.682 0.348 -0.208
-0.100 0.500 0.100 -0.689 0.346 -0.176
-0.100 0.500 0.200 -0.694 0.341 -0.145
-0.100 0.500 0.300 -0.696 0.333 -0.114
-0.100 0.500 0.400 -0.696 0.322 -0.084
-0.100 0.500 0.500 -0.692 0.308 -0.057
0.000 -0.500 -0.500 -1.512 0.534 -0.685
0.000 -0.500 -0.400 -1.541 0.582 -0.571
0.000 -0.500 -0.300 -1.560 0.612 -0.449
0.000 -0.500 -0.200 -1.568 0.623 -0.325
0.000 -0.500 -0.100 -1.566 0.616 -0.200
0.000 -0.500 0.000 -1.554 0.591 -0.079
0.000 -0.500 0.100 -1.531 0.549 0.036
0.000 -0.500 0.200 -1.500 0.494 0.143
0.000 -0.500 0.300 -1.461 0.426 0.239
0.000 -0.500 0.400 -1.415 0.348 0.323
0.000 -0.500 0.500 -1.364 0.264 0.393
0.000 -0.400 -0.500 -1.374 0.507 -0.632
0.000 -0.400 -0.400 -1.401 0.550 -0.534
0.000 -0.400 -0.300 -1.420 0.576 -0.430
0.000 -0.400 -0.200 -1.431 0.586 -0.323
0.000 -0.400 -0.100 -1.432 0.581 -0.215
0.000 -0.400 0.000 -1.425 0.560 -0.110
0.000 -0.400 0.100 -1.409 0.524 -0.009
0.000 -0.400 0.200 -1.387 0.477 0.085
0.000 -0.400 0.300 -1.356 0.419 0.171
0.000 -0.400 0.400 -1.321 0.352 0.247
0.000 -0.400 0.500 -1.281 0.279 0.311
0.000 -0.300 -0.500 -1.252 0.482 -0.585
0.000 -0.300 -0.400 -1.277 0.519 -0.501
0.000 -0.300 -0.300 -1.296 0.542 -0.413
0.000 -0.300 -0.200 -1.309 0.552 -0.321
0.000 -0.300 -0.100 -1.313 0.548 -0.227
0.000 -0.300 0.000 -1.311 0.531 -0.136
0.000 -0.300 0.100 -1.301 0.501 -0.047
0.000 -0.300 0.200 -1.285 0.461 0.036
0.000 -0.300 0.300 -1.264 0.411 0.113
0.000 -0.300 0.400 -1.236 0.354 0.181
0.000 -0.300 0.500 -1.204 0.291 0.241
0.000 -0.200 -0.500 -1.143 0.459 -0.544
0.000 -0.200 -0.400 -1.168 0.492 -0.473
0.000 -0.200 -0.300 -1.187 0.512 -0.397
0.000 -0.200 -0.200 -1.200 0.521 -0.318
0.000 -0.200 -0.100 -1.207 0.519 -0.237
0.000 -0.200 0.000 -1.209 0.504 -0.157
0.000 -0.200 0.100 -1.204 0.480 -0.079
0.000 -0.200 0.200 -1.194 0.446 -0.005
0.000 -0.200 0.300 -1.179 0.404 0.063
0.000 -0.200 0.400 -1.158 0.355 0.125
0.000 -0.200 0.500 -1.134 0.302 0.180
0.000 -0.100 -0.500 -1.046 0.439 -0.509
0.000 -0.100 -0.400 -1.069 0.467 -0.448
0.000 -0.100 -0.300 -1.089 0.486 -0.383
0.000 -0.100 -0.200 -1.104 0.494 -0.314
0.000 -0.100 -0.100 -1.113 0.493 -0.244
0.000 -0.100 0.000 -1.117 0.482 -0.174
0.000 -0.100 0.100 -1.117 0.462 -0.106
0.000 -0.100 0.200 -1.111 0.434 -0.040
0.000 -0.100 0.300 -1.102 0.398 0.021
0.000 -0.100 0.400 -1.087 0.357 0.078
0.000 -0.100 0.500 -1.067 0.311 0.128
0.000 0.000 -0.500 -0.958 0.421 -0.478
0.000 0.000 -0.400 -0.982 0.446 -0.426
0.000 0.000 -0.300 -1.001 0.463 -0.370
0.000 0.000 -0.200 -1.017 0.471 -0.311
0.000 0.000 -0.100 -1.028 0.471 -0.250
0.000 0.000 0.000 -1.035 0.462 -0.188
0.000 0.000 0.100 -1.038 0.446 -0.128
0.000 0.000 0.200 -1.036 0.423 -0.070
0.000 0.000 0.300 -1.030 0.394 -0.014
0.000 0.000 0.400 -1.021 0.359 0.037
0.000 0.000 0.500 -1.006 0.320 0.084
0.000 0.100 -0.500 -0.880 0.405 -0.451
0.000 0.100 -0.400 -0.902 0.428 -0.406
0.000 0.100 -0.300 -0.922 0.443 -0.358
0.000 0.100 -0.200 -0.938 0.451 -0.306
0.000 0.100 -0.100 -0.951 0.452 -0.253
0.000 0.100 0.000 -0.960 0.446 -0.199
0.000 0.100 0.100 -0.965 0.433 -0.146
0.000 0.100 0.200 -0.966 0.415 -0.094
0.000 0.100 0.300 -0.964 0.390 -0.044
0.000 0.100 0.400 -0.957 0.362 0.003
0.000 0.100 0.500 -0.947 0.329 0.046
0.000 0.200 -0.500 -0.808 0.392 -0.427
0.000 0.200 -0.400 -0.830 0.412 -0.388
0.000 0.200 -0.300 -0.850 0.426 -0.346
0.000 0.200 -0.200 -0.866 0.434 -0.302
0.000 0.200 -0.100 -0.880 0.436 -0.255
0.000 0.200 0.000 -0.891 0.432 -0.207
0.000 0.200 0.100 -0.898 0.423 -0.160
0.000 0.200 0.200 -0.901 0.408 -0.113
0.000 0.200 0.300 -0.901 0.388 -0.068
0.000 0.200 0.400 -0.897 0.365 -0.025
0.000 0.200 0.500 -0.890 0.337 0.014
0.000 0.300 -0.500 -0.742 0.380 -0.405
0.000 0.300 -0.400 -0.764 0.398 -0.372
0.000 0.300 -0.300 -0.783 0.412 -0.335
0.000 0.300 -0.200 -0.800 0.420 -0.296
0.000 0.300 -0.100 -0.814 0.423 -0.255
0.000 0.300 0.000 -0.826 0.421 -0.213
0.000 0.300 0.100 -0.834 0.414 -0.170
0.000 0.300 0.200 -0.840 0.403 -0.128
0.000 0.300 0.300 -0.841 0.387 -0.087
0.000 0.300 0.400 -0.839 0.368 -0.048
0.000 0.300 0.500 -0.834 0.345 -0.012
0.000 0.400 -0.500 -0.681 0.370 -0.385
0.000 0.400 -0.400 -0.702 0.387 -0.356
0.000 0.400 -0.300 -0.721 0.399 -0.325
0.000 0.400 -0.200 -0.738 0.408 -0.290
0.000 0.400 -0.100 -0.753 0.412 -0.254
0.000 0.400 0.000 -0.765 0.411 -0.216
0.000 0.400 0.100 -0.774 0.407 -0.178
0.000 0.400 0.200 -0.781 0.398 -0.140
0.000 0.400 0.300 -0.784 0.386 -0.103
0.000 0.400 0.400 -0.784 0.371 -0.067
0.000 0.400 0.500 -0.779 0.353 -0.034
0.000 0.500 -0.500 -0.624 0.361 -0.367
0.000 0.500 -0.400 -0.645 0.376 -0.342
0.000 0.500 -0.300 -0.664 0.388 -0.314
0.000 0.500 -0.200 -0.681 0.397 -0.284
0.000 0.500 -0.100 -0.695 0.402 -0.251
0.000 0.500 0.000 -0.708 0.403 -0.218
0.000 0.500 0.100 -0.718 0.401 -0.183
0.000 0.500 0.200 -0.725 0.395 -0.149
0.000 0.500 0.300 -0.729 0.386 -0.115
0.000 0.500 0.400 -0.729 0.374 -0.082
0.000 0.500 0.500 -0.726 0.359 -0.052
0.100 -0.500 -0.500 -1.590 0.688 -0.720
0.100 -0.500 -0.400 -1.621 0.739 -0.596
0.100 -0.500 -0.300 -1.642 0.770 -0.464
0.100 -0.500 -0.200 -1.651 0.779 -0.329
0.100 -0.500 -0.100 -1.649 0.767 -0.193
0.100 -0.500 0.000 -1.637 0.736 -0.061
0.100 -0.500 0.100 -1.614 0.686 0.064
0.100 -0.500 0.200 -1.582 0.621 0.179
0.100 -0.500 0.300 -1.542 0.542 0.282
0.100 -0.500 0.400 -1.495 0.452 0.372
0.100 -0.500 0.500 -1.442 0.355 0.447
0.100 -0.400 -0.500 -1.438 0.644 -0.664
0.100 -0.400 -0.400 -1.466 0.688 -0.558
0.100 -0.400 -0.300 -1.486 0.714 -0.445
0.100 -0.400 -0.200 -1.498 0.723 -0.330
0.100 -0.400 -0.100 -1.501 0.713 -0.213
0.100 -0.400 0.000 -1.494 0.687 -0.099
0.100 -0.400 0.100 -1.479 0.645 0.010
0.100 -0.400 0.200 -1.457 0.589 0.112
0.100 -0.400 0.300 -1.428 0.522 0.204
0.100 -0.400 0.400 -1.392 0.446 0.285
0.100 -0.400 0.500 -1.352 0.362 0.354
0.100 -0.300 -0.500 -1.304 0.603 -0.615
0.100 -0.300 -0.400 -1.331 0.641 -0.525
0.100 -0.300 -0.300 -1.352 0.664 -0.429
0.100 -0.300 -0.200 -1.365 0.672 -0.330
0.100 -0.300 -0.100 -1.371 0.665 -0.229
0.100 -0.300 0.000 -1.370 0.643 -0.130
0.100 -0.300 0.100 -1.362 0.608 -0.035
0.100 -0.300 0.200 -1.348 0.561 0.055
0.100 -0.300 0.300 -1.326 0.503 0.137
0.100 -0.300 0.400 -1.300 0.438 0.211
0.100 -0.300 0.500 -1.269 0.367 0.274
0.100 -0.200 -0.500 -1.186 0.566 -0.572
0.100 -0.200 -0.400 -1.212 0.599 -0.496
0.100 -0.200 -0.300 -1.233 0.620 -0.414
0.100 -0.200 -0.200 -1.248 0.627 -0.329
0.100 -0.200 -0.100 -1.258 0.622 -0.242
0.100 -0.200 0.000 -1.261 0.604 -0.156
0.100 -0.200 0.100 -1.259 0.575 -0.073
0.100 -0.200 0.200 -1.250 0.536 0.007
0.100 -0.200 0.300 -1.236 0.488 0.080
0.100 -0.200 0.400 -1.217 0.432 0.147
0.100 -0.200 0.500 -1.193 0.372 0.206
0.100 -0.100 -0.500 -1.082 0.534 -0.536
0.100 -0.100 -0.400 -1.107 0.563 -0.471
0.100 -0.100 -0.300 -1.129 0.582 -0.401
0.100 -0.100 -0.200 -1.146 0.588 -0.328
0.100 -0.100 -0.100 -1.157 0.585 -0.253
0.100 -0.100 0.000 -1.164 0.571 -0.178
0.100 -0.100 0.100 -1.166 0.547 -0.104
0.100 -0.100 0.200 -1.162 0.515 -0.034
0.100 -0.100 0.300 -1.154 0.474 0.033
0.100 -0.100 0.400 -1.142 0.428 0.094
0.100 -0.100 0.500 -1.124 0.376 0.148
0.100 0.000 -0.500 -0.989 0.506 -0.504
0.100 0.000 -0.400 -1.014 0.532 -0.448
0.100 0.000 -0.300 -1.035 0.548 -0.389
0.100 0.000 -0.200 -1.054 0.556 -0.325
0.100 0.000 -0.100 -1.067 0.554 -0.260
0.100 0.000 0.000 -1.077 0.543 -0.195
0.100 0.000 0.100 -1.082 0.524 -0.130
0.100 0.000 0.200 -1.083 0.497 -0.067
0.100 0.000 0.300 -1.079 0.464 -0.007
0.100 0.000 0.400 -1.071 0.425 0.049
0.100 0.000 0.500 -1.059 0.382 0.099
0.100 0.100 -0.500 -0.905 0.483 -0.476
0.100 0.100 -0.400 -0.930 0.505 -0.428
0.100 0.100 -0.300 -0.952 0.521 -0.377
0.100 0.100 -0.200 -0.971 0.528 -0.322
0.100 0.100 -0.100 -0.986 0.528 -0.265
0.100 0.100 0.000 -0.998 0.520 -0.208
0.100 0.100 0.100 -1.006 0.505 -0.150
0.100 0.100 0.200 -1.010 0.484 -0.094
0.100 0.100 0.300 -1.010 0.457 -0.040
0.100 0.100 0.400 -1.006 0.424 0.011
0.100 0.100 0.500 -0.997 0.388 0.058
0.100 0.200 -0.500 -0.829 0.462 -0.451
0.100 0.200 -0.400 -0.854 0.483 -0.410
0.100 0.200 -0.300 -0.876 0.497 -0.366
0.100 0.200 -0.200 -0.896 0.505 -0.318
0.100 0.200 -0.100 -0.912 0.506 -0.269
0.100 0.200 0.000 -0.925 0.501 -0.218
0.100 0.200 0.100 -0.935 0.490 -0.167
0.100 0.200 0.200 -0.941 0.473 -0.116
0.100 0.200 0.300 -0.944 0.451 -0.067
0.100 0.200 0.400 -0.942 0.425 -0.020
0.100 0.200 0.500 -0.937 0.395 0.023
0.100 0.300 -0.500 -0.760 0.445 -0.428
0.100 0.300 -0.400 -0.784 0.464 -0.394
0.100 0.300 -0.300 -0.806 0.477 -0.355
0.100 0.300 -0.200 -0.826 0.485 -0.313
0.100 0.300 -0.100 -0.843 0.488 -0.270
0.100 0.300 0.000 -0.858 0.485 -0.224
0.100 0.300 0.100 -0.869 0.477 -0.179
0.100 0.300 0.200 -0.877 0.464 -0.133
0.100 0.300 0.300 -0.881 0.447 -0.089
0.100 0.300 0.400 -0.882 0.426 -0.046
0.100 0.300 0.500 -0.878 0.402 -0.005
0.100 0.400 -0.500 -0.696 0.430 -0.408
0.100 0.400 -0.400 -0.720 0.447 -0.378
0.100 0.400 -0.300 -0.742 0.460 -0.344
0.100 0.400 -0.200 -0.762 0.469 -0.308
0.100 0.400 -0.100 -0.779 0.472 -0.269
0.100 0.400 0.000 -0.794 0.472 -0.229
0.100 0.400 0.100 -0.806 0.467 -0.187
0.100 0.400 0.200 -0.815 0.458 -0.146
0.100 0.400 0.300 -0.821 0.445 -0.105
0.100 0.400 0.400 -0.822 0.428 -0.066
0.100 0.400 0.500 -0.820 0.408 -0.029
0.100 0.500 -0.500 -0.637 0.417 -0.390
0.100 0.500 -0.400 -0.660 0.433 -0.363
0.100 0.500 -0.300 -0.682 0.445 -0.333
0.100 0.500 -0.200 -0.701 0.454 -0.301
0.100 0.500 -0.100 -0.719 0.459 -0.266
0.100 0.500 0.000 -0.734 0.460 -0.230
0.100 0.500 0.100 -0.747 0.458 -0.193
0.100 0.500 0.200 -0.756 0.452 -0.156
0.100 0.500 0.300 -0.762 0.442 -0.118
0.100 0.500 0.400 -0.764 0.429 -0.082
0.100 0.500 0.500 -0.763 0.414 -0.048
0.200 -0.500 -0.500 -1.656 0.859 -0.756
0.200 -0.500 -0.400 -1.688 0.913 -0.622
0.200 -0.500 -0.300 -1.711 0.944 -0.480
0.200 -0.500 -0.200 -1.722 0.951 -0.333
0.200 -0.500 -0.100 -1.721 0.934 -0.186
0.200 -0.500 0.000 -1.709 0.895 -0.044
0.200 -0.500 0.100 -1.687 0.836 0.091
0.200 -0.500 0.200 -1.654 0.759 0.215
0.200 -0.500 0.300 -1.614 0.668 0.326
0.200 -0.500 0.400 -1.566 0.565 0.422
0.200 -0.500 0.500 -1.515 0.456 0.501
0.200 -0.400 -0.500 -1.489 0.792 -0.697
0.200 -0.400 -0.400 -1.520 0.838 -0.583
0.200 -0.400 -0.300 -1.542 0.864 -0.462
0.200 -0.400 -0.200 -1.556 0.871 -0.337
0.200 -0.400 -0.100 -1.560 0.857 -0.212
0.200 -0.400 0.000 -1.555 0.825 -0.089
0.200 -0.400 0.100 -1.541 0.775 0.028
0.200 -0.400 0.200 -1.520 0.710 0.137
0.200 -0.400 0.300 -1.491 0.633 0.236
0.200 -0.400 0.400 -1.457 0.545 0.323
0.200 -0.400 0.500 -1.417 0.451 0.397
0.200 -0.300 -0.500 -1.346 0.732 -0.646
0.200 -0.300 -0.400 -1.374 0.772 -0.550
0.200 -0.300 -0.300 -1.397 0.794 -0.447
0.200 -0.300 -0.200 -1.412 0.800 -0.341
0.200 -0.300 -0.100 -1.421 0.790 -0.233
0.200 -0.300 0.000 -1.422 0.763 -0.127
0.200 -0.300 0.100 -1.416 0.721 -0.024
0.200 -0.300 0.200 -1.403 0.667 0.072
0.200 -0.300 0.300 -1.385 0.602 0.160
0.200 -0.300 0.400 -1.360 0.528 0.239
0.200 -0.300 0.500 -1.330 0.448 0.307
0.200 -0.200 -0.500 -1.220 0.680 -0.602
0.200 -0.200 -0.400 -1.248 0.714 -0.521
0.200 -0.200 -0.300 -1.271 0.734 -0.434
0.200 -0.200 -0.200 -1.289 0.740 -0.343
0.200 -0.200 -0.100 -1.301 0.731 -0.250
0.200 -0.200 0.000 -1.307 0.709 -0.158
0.200 -0.200 0.100 -1.307 0.675 -0.068
0.200 -0.200 0.200 -1.301 0.630 0.017
0.200 -0.200 0.300 -1.290 0.575 0.096
0.200 -0.200 0.400 -1.273 0.513 0.168
0.200 -0.200 0.500 -1.252 0.445 0.231
0.200 -0.100 -0.500 -1.109 0.635 -0.564
0.200 -0.100 -0.400 -1.138 0.665 -0.496
0.200 -0.100 -0.300 -1.161 0.682 -0.421
0.200 -0.100 -0.200 -1.181 0.688 -0.343
0.200 -0.100 -0.100 -1.195 0.682 -0.263
0.200 -0.100 0.000 -1.205 0.665 -0.183
0.200 -0.100 0.100 -1.210 0.637 -0.105
0.200 -0.100 0.200 -1.210 0.600 -0.029
0.200 -0.100 0.300 -1.205 0.554 0.042
0.200 -0.100 0.400 -1.195 0.502 0.108
0.200 -0.100 0.500 -1.181 0.445 0.167
0.200 0.000 -0.500 -1.013 0.597 -0.532
0.200 0.000 -0.400 -1.040 0.623 -0.473
0.200 0.000 -0.300 -1.064 0.639 -0.410
0.200 0.000 -0.200 -1.085 0.645 -0.343
0.200 0.000 -0.100 -1.102 0.641 -0.274
0.200 0.000 0.000 -1.115 0.627 -0.204
0.200 0.000 0.100 -1.124 0.605 -0.135
0.200 0.000 0.200 -1.128 0.575 -0.067
0.200 0.000 0.300 -1.128 0.538 -0.003
0.200 0.000 0.400 -1.123 0.494 0.057
0.200 0.000 0.500 -1.113 0.447 0.113
0.200 0.100 -0.500 -0.925 0.564 -0.503
0.200 0.100 -0.400 -0.952 0.587 -0.453
0.200 0.100 -0.300 -0.977 0.602 -0.399
0.200 0.100 -0.200 -0.999 0.608 -0.341
0.200 0.100 -0.100 -1.018 0.606 -0.281
0.200 0.100 0.000 -1.033 0.597 -0.219
0.200 0.100 0.100 -1.045 0.580 -0.158
0.200 0.100 0.200 -1.053 0.555 -0.098
0.200 0.100 0.300 -1.057 0.525 -0.039
0.200 0.100 0.400 -1.055 0.490 0.016
0.200 0.100 0.500 -1.049 0.450 0.067
0.200 0.200 -0.500 -0.846 0.536 -0.478
0.200 0.200 -0.400 -0.874 0.557 -0.435
0.200 0.200 -0.300 -0.898 0.571 -0.388
0.200 0.200 -0.200 -0.921 0.578 -0.338
0.200 0.200 -0.100 -0.941 0.579 -0.285
0.200 0.200 0.000 -0.958 0.572 -0.231
0.200 0.200 0.100 -0.972 0.559 -0.176
0.200 0.200 0.200 -0.982 0.541 -0.122
0.200 0.200 0.300 -0.988 0.517 -0.069
0.200 0.200 0.400 -0.990 0.488 -0.018
0.200 0.200 0.500 -0.987 0.456 0.030
0.200 0.300 -0.500 -0.775 0.512 -0.455
0.200 0.300 -0.400 -0.802 0.532 -0.418
0.200 0.300 -0.300 -0.827 0.545 -0.377
0.200 0.300 -0.200 -0.850 0.553 -0.333
0.200 0.300 -0.100 -0.871 0.555 -0.287
0.200 0.300 0.000 -0.889 0.552 -0.239
0.200 0.300 0.100 -0.903 0.542 -0.190
0.200 0.300 0.200 -0.915 0.529 -0.141
0.200 0.300 0.300 -0.923 0.510 -0.092
0.200 0.300 0.400 -0.926 0.488 -0.045
0.200 0.300 0.500 -0.925 0.462 -0.001
0.200 0.400 -0.500 -0.709 0.492 -0.434
0.200 0.400 -0.400 -0.735 0.510 -0.402
0.200 0.400 -0.300 -0.760 0.523 -0.366
0.200 0.400 -0.200 -0.783 0.532 -0.328
0.200 0.400 -0.100 -0.804 0.536 -0.287
0.200 0.400 0.000 -0.823 0.535 -0.244
0.200 0.400 0.100 -0.838 0.529 -0.200
0.200 0.400 0.200 -0.851 0.520 -0.155
0.200 0.400 0.300 -0.859 0.506 -0.111
0.200 0.400 0.400 -0.864 0.488 -0.067
0.200 0.400 0.500 -0.864 0.468 -0.025
0.200 0.500 -0.500 -0.648 0.474 -0.415
0.200 0.500 -0.400 -0.674 0.491 -0.387
0.200 0.500 -0.300 -0.698 0.504 -0.355
0.200 0.500 -0.200 -0.721 0.514 -0.321
0.200 0.500 -0.100 -0.741 0.519 -0.284
0.200 0.500 0.000 -0.760 0.521 -0.246
0.200 0.500 0.100 -0.776 0.518 -0.206
0.200 0.500 0.200 -0.789 0.512 -0.165
0.200 0.500 0.300 -0.797 0.502 -0.124
0.200 0.500 0.400 -0.802 0.489 -0.084
0.200 0.500 0.500 -0.803 0.473 -0.045
0.300 -0.500 -0.500 -1.705 1.046 -0.795
0.300 -0.500 -0.400 -1.739 1.102 -0.651
0.300 -0.500 -0.300 -1.763 1.133 -0.497
0.300 -0.500 -0.200 -1.775 1.137 -0.339
0.300 -0.500 -0.100 -1.776 1.114 -0.181
0.300 -0.500 0.000 -1.766 1.067 -0.027
0.300 -0.500 0.100 -1.744 0.997 0.118
0.300 -0.500 0.200 -1.713 0.908 0.251
0.300 -0.500 0.300 -1.674 0.803 0.370
0.300 -0.500 0.400 -1.628 0.686 0.471
0.300 -0.500 0.500 -1.577 0.562 0.555
0.300 -0.400 -0.500 -1.527 0.952 -0.732
0.300 -0.400 -0.400 -1.559 1.000 -0.610
0.300 -0.400 -0.300 -1.583 1.025 -0.481
0.300 -0.400 -0.200 -1.599 1.029 -0.347
0.300 -0.400 -0.100 -1.604 1.011 -0.213
0.300 -0.400 0.000 -1.603 0.971 -0.081
0.300 -0.400 0.100 -1.591 0.913 0.045
0.300 -0.400 0.200 -1.572 0.838 0.161
0.300 -0.400 0.300 -1.546 0.749 0.267
0.300 -0.400 0.400 -1.514 0.650 0.359
0.300 -0.400 0.500 -1.477 0.544 0.438
0.300 -0.300 -0.500 -1.375 0.871 -0.679
0.300 -0.300 -0.400 -1.405 0.911 -0.577
0.300 -0.300 -0.300 -1.431 0.933 -0.467
0.300 -0.300 -0.200 -1.448 0.936 -0.354
0.300 -0.300 -0.100 -1.460 0.921 -0.239
0.300 -0.300 0.000 -1.464 0.889 -0.126
0.300 -0.300 0.100 -1.461 0.840 -0.017
0.300 -0.300 0.200 -1.451 0.778 0.086
0.300 -0.300 0.300 -1.436 0.703 0.180
0.300 -0.300 0.400 -1.415 0.620 0.265
0.300 -0.300 0.500 -1.388 0.530 0.338
0.300 -0.200 -0.500 -1.243 0.800 -0.633
0.300 -0.200 -0.400 -1.273 0.834 -0.547
0.300 -0.200 -0.300 -1.299 0.854 -0.455
0.300 -0.200 -0.200 -1.319 0.857 -0.359
0.300 -0.200 -0.100 -1.335 0.846 -0.260
0.300 -0.200 0.000 -1.345 0.819 -0.163
0.300 -0.200 0.100 -1.349 0.779 -0.068
0.300 -0.200 0.200 -1.347 0.727 0.023
0.300 -0.200 0.300 -1.340 0.666 0.108
0.300 -0.200 0.400 -1.327 0.596 0.185
0.300 -0.200 0.500 -1.310 0.520 0.253
0.300 -0.100 -0.500 -1.129 0.741 -0.595
0.300 -0.100 -0.400 -1.159 0.770 -0.522
0.300 -0.100 -0.300 -1.186 0.787 -0.444
0.300 -0.100 -0.200 -1.208 0.791 -0.362
0.300 -0.100 -0.100 -1.227 0.782 -0.278
0.300 -0.100 0.000 -1.240 0.761 -0.193
0.300 -0.100 0.100 -1.250 0.729 -0.109
0.300 -0.100 0.200 -1.255 0.687 -0.029
0.300 -0.100 0.300 -1.254 0.635 0.047
0.300 -0.100 0.400 -1.248 0.577 0.118
0.300 -0.100 0.500 -1.237 0.514 0.182
0.300 0.000 -0.500 -1.028 0.690 -0.562
0.300 0.000 -0.400 -1.059 0.716 -0.500
0.300 0.000 -0.300 -1.086 0.731 -0.434
0.300 0.000 -0.200 -1.110 0.736 -0.364
0.300 0.000 -0.100 -1.131 0.730 -0.291
0.300 0.000 0.000 -1.148 0.714 -0.217
0.300 0.000 0.100 -1.162 0.688 -0.143
0.300 0.000 0.200 -1.171 0.654 -0.072
0.300 0.000 0.300 -1.176 0.612 -0.003
0.300 0.000 0.400 -1.176 0.564 0.063
0.300 0.000 0.500 -1.170 0.512 0.123
0.300 0.100 -0.500 -0.939 0.647 -0.533
0.300 0.100 -0.400 -0.969 0.670 -0.481
0.300 0.100 -0.300 -0.997 0.685 -0.424
0.300 0.100 -0.200 -1.022 0.691 -0.363
0.300 0.100 -0.100 -1.046 0.688 -0.300
0.300 0.100 0.000 -1.065 0.676 -0.235
0.300 0.100 0.100 -1.082 0.656 -0.170
0.300 0.100 0.200 -1.095 0.629 -0.106
0.300 0.100 0.300 -1.104 0.595 -0.043
0.300 0.100 0.400 -1.106 0.557 0.017
0.300 0.100 0.500 -1.105 0.514 0.074
0.300 0.200 -0.500 -0.858 0.612 -0.507
0.300 0.200 -0.400 -0.889 0.633 -0.463
0.300 0.200 -0.300 -0.917 0.647 -0.414
0.300 0.200 -0.200 -0.943 0.653 -0.361
0.300 0.200 -0.100 -0.968 0.653 -0.306
0.300 0.200 0.000 -0.990 0.645 -0.249
0.300 0.200 0.100 -1.008 0.630 -0.191
0.300 0.200 0.200 -1.023 0.610 -0.133
0.300 0.200 0.300 -1.034 0.583 -0.075
0.300 0.200 0.400 -1.040 0.553 -0.019
0.300 0.200 0.500 -1.041 0.519 0.034
0.300 0.300 -0.500 -0.785 0.582 -0.484
0.300 0.300 -0.400 -0.815 0.601 -0.446
0.300 0.300 -0.300 -0.844 0.615 -0.403
0.300 0.300 -0.200 -0.871 0.623 -0.357
0.300 0.300 -0.100 -0.896 0.625 -0.309
0.300 0.300 0.000 -0.918 0.620 -0.258
0.300 0.300 0.100 -0.938 0.610 -0.206
0.300 0.300 0.200 -0.955 0.595 -0.153
0.300 0.300 0.300 -0.967 0.576 -0.100
0.300 0.300 0.400 -0.975 0.552 -0.049
0.300 0.300 0.500 -0.978 0.524 0.001
0.300 0.400 -0.500 -0.718 0.556 -0.462
0.300 0.400 -0.400 -0.747 0.575 -0.429
0.300 0.400 -0.300 -0.775 0.588 -0.392
0.300 0.400 -0.200 -0.803 0.597 -0.352
0.300 0.400 -0.100 -0.828 0.601 -0.309
0.300 0.400 0.000 -0.851 0.600 -0.263
0.300 0.400 0.100 -0.871 0.594 -0.216
0.300 0.400 0.200 -0.888 0.584 -0.168
0.300 0.400 0.300 -0.901 0.570 -0.119
0.300 0.400 0.400 -0.910 0.552 -0.071
0.300 0.400 0.500 -0.913 0.531 -0.024
0.300 0.500 -0.500 -0.655 0.534 -0.442
0.300 0.500 -0.400 -0.684 0.552 -0.413
0.300 0.500 -0.300 -0.712 0.565 -0.381
0.300 0.500 -0.200 -0.738 0.575 -0.345
0.300 0.500 -0.100 -0.763 0.581 -0.306
0.300 0.500 0.000 -0.786 0.583 -0.265
0.300 0.500 0.100 -0.806 0.581 -0.222
0.300 0.500 0.200 -0.823 0.575 -0.178
0.300 0.500 0.300 -0.836 0.565 -0.133
0.300 0.500 0.400 -0.845 0.552 -0.088
0.300 0.500 0.500 -0.848 0.537 -0.044
0.400 -0.500 -0.500 -1.731 1.243 -0.835
0.400 -0.500 -0.400 -1.768 1.303 -0.681
0.400 -0.500 -0.300 -1.793 1.333 -0.516
0.400 -0.500 -0.200 -1.808 1.334 -0.346
0.400 -0.500 -0.100 -1.811 1.305 -0.177
0.400 -0.500 0.000 -1.803 1.248 -0.012
0.400 -0.500 0.100 -1.784 1.166 0.144
0.400 -0.500 0.200 -1.756 1.063 0.285
0.400 -0.500 0.300 -1.720 0.943 0.411
0.400 -0.500 0.400 -1.677 0.810 0.519
0.400 -0.500 0.500 -1.628 0.670 0.607
0.400 -0.400 -0.500 -1.546 1.120 -0.768
0.400 -0.400 -0.400 -1.579 1.169 -0.640
0.400 -0.400 -0.300 -1.605 1.194 -0.502
0.400 -0.400 -0.200 -1.624 1.194 -0.359
0.400 -0.400 -0.100 -1.633 1.171 -0.216
0.400 -0.400 0.000 -1.634 1.123 -0.076
0.400 -0.400 0.100 -1.627 1.056 0.058
0.400 -0.400 0.200 -1.611 0.969 0.182
0.400 -0.400 0.300 -1.590 0.868 0.294
0.400 -0.400 0.400 -1.562 0.757 0.393
0.400 -0.400 0.500 -1.527 0.638 0.476
0.400 -0.300 -0.500 -1.389 1.014 -0.713
0.400 -0.300 -0.400 -1.421 1.055 -0.605
0.400 -0.300 -0.300 -1.448 1.076 -0.490
0.400 -0.300 -0.200 -1.470 1.076 -0.370
0.400 -0.300 -0.100 -1.484 1.057 -0.249
0.400 -0.300 0.000 -1.493 1.018 -0.128
0.400 -0.300 0.100 -1.494 0.961 -0.013
0.400 -0.300 0.200 -1.490 0.890 0.096
0.400 -0.300 0.300 -1.479 0.806 0.196
0.400 -0.300 0.400 -1.463 0.712 0.286
0.400 -0.300 0.500 -1.441 0.613 0.365
0.400 -0.200 -0.500 -1.254 0.924 -0.667
0.400 -0.200 -0.400 -1.286 0.958 -0.577
0.400 -0.200 -0.300 -1.314 0.977 -0.480
0.400 -0.200 -0.200 -1.339 0.978 -0.379
0.400 -0.200 -0.100 -1.358 0.962 -0.275
0.400 -0.200 0.000 -1.373 0.930 -0.172
0.400 -0.200 0.100 -1.382 0.884 -0.071
0.400 -0.200 0.200 -1.386 0.825 0.025
0.400 -0.200 0.300 -1.384 0.755 0.115
0.400 -0.200 0.400 -1.377 0.678 0.198
0.400 -0.200 0.500 -1.364 0.594 0.271
0.400 -0.100 -0.500 -1.138 0.849 -0.628
0.400 -0.100 -0.400 -1.170 0.878 -0.553
0.400 -0.100 -0.300 -1.200 0.894 -0.471
0.400 -0.100 -0.200 -1.227 0.896 -0.385
0.400 -0.100 -0.100 -1.250 0.884 -0.296
0.400 -0.100 0.000 -1.269 0.859 -0.207
0.400 -0.100 0.100 -1.284 0.821 -0.119
0.400 -0.100 0.200 -1.294 0.773 -0.034
0.400 -0.100 0.300 -1.300 0.716 0.047
0.400 -0.100 0.400 -1.300 0.652 0.124
0.400 -0.100 0.500 -1.295 0.583 0.193
0.400 0.000 -0.500 -1.035 0.785 -0.595
0.400 0.000 -0.400 -1.068 0.811 -0.531
0.400 0.000 -0.300 -1.100 0.826 -0.462
0.400 0.000 -0.200 -1.129 0.829 -0.389
0.400 0.000 -0.100 -1.154 0.820 -0.312
0.400 0.000 0.000 -1.178 0.801 -0.235
0.400 0.000 0.100 -1.197 0.771 -0.158
0.400 0.000 0.200 -1.212 0.733 -0.081
0.400 0.000 0.300 -1.224 0.687 -0.008
0.400 0.000 0.400 -1.229 0.634 0.063
0.400 0.000 0.500 -1.229 0.578 0.129
0.400 0.100 -0.500 -0.945 0.732 -0.565
0.400 0.100 -0.400 -0.979 0.755 -0.512
0.400 0.100 -0.300 -1.011 0.770 -0.453
0.400 0.100 -0.200 -1.041 0.774 -0.390
0.400 0.100 -0.100 -1.069 0.769 -0.324
0.400 0.100 0.000 -1.095 0.755 -0.257
0.400 0.100 0.100 -1.117 0.732 -0.188
0.400 0.100 0.200 -1.137 0.703 -0.119
0.400 0.100 0.300 -1.151 0.666 -0.052
0.400 0.100 0.400 -1.161 0.624 0.013
0.400 0.100 0.500 -1.165 0.578 0.076
0.400 0.200 -0.500 -0.864 0.689 -0.540
0.400 0.200 -0.400 -0.898 0.710 -0.494
0.400 0.200 -0.300 -0.931 0.724 -0.444
0.400 0.200 -0.200 -0.962 0.729 -0.389
0.400 0.200 -0.100 -0.991 0.728 -0.332
0.400 0.200 0.000 -1.019 0.719 -0.272
0.400 0.200 0.100 -1.044 0.702 -0.211
0.400 0.200 0.200 -1.065 0.680 -0.149
0.400 0.200 0.300 -1.083 0.652 -0.087
0.400 0.200 0.400 -1.095 0.619 -0.026
0.400 0.200 0.500 -1.102 0.583 0.033
0.400 0.300 -0.500 -0.791 0.652 -0.516
0.400 0.300 -0.400 -0.824 0.672 -0.477
0.400 0.300 -0.300 -0.857 0.686 -0.433
0.400 0.300 -0.200 -0.889 0.693 -0.386
0.400 0.300 -0.100 -0.919 0.695 -0.335
0.400 0.300 0.000 -0.947 0.690 -0.282
0.400 0.300 0.100 -0.973 0.679 -0.227
0.400 0.300 0.200 -0.996 0.663 -0.171
0.400 0.300 0.300 -1.015 0.643 -0.114
0.400 0.300 0.400 -1.028 0.618 -0.057
0.400 0.300 0.500 -1.036 0.589 -0.001
0.400 0.400 -0.500 -0.723 0.621 -0.494
0.400 0.400 -0.400 -0.756 0.640 -0.460
0.400 0.400 -0.300 -0.788 0.654 -0.422
0.400 0.400 -0.200 -0.820 0.664 -0.380
0.400 0.400 -0.100 -0.850 0.667 -0.335
0.400 0.400 0.000 -0.879 0.667 -0.288
0.400 0.400 0.100 -0.905 0.661 -0.238
0.400 0.400 0.200 -0.928 0.651 -0.186
0.400 0.400 0.300 -0.947 0.636 -0.133
0.400 0.400 0.400 -0.961 0.619 -0.080
0.400 0.400 0.500 -0.969 0.597 -0.027
0.400 0.500 -0.500 -0.660 0.595 -0.473
0.400 0.500 -0.400 -0.692 0.613 -0.444
0.400 0.500 -0.300 -0.724 0.627 -0.410
0.400 0.500 -0.200 -0.755 0.638 -0.373
0.400 0.500 -0.100 -0.784 0.645 -0.333
0.400 0.500 0.000 -0.812 0.647 -0.289
0.400 0.500 0.100 -0.838 0.646 -0.243
0.400 0.500 0.200 -0.860 0.641 -0.196
0.400 0.500 0.300 -0.879 0.632 -0.146
0.400 0.500 0.400 -0.893 0.620 -0.096
0.400 0.500 0.500 -0.900 0.604 -0.046
0.500 -0.500 -0.500 -1.732 1.448 -0.876
0.500 -0.500 -0.400 -1.770 1.511 -0.713
0.500 -0.500 -0.300 -1.798 1.541 -0.538
0.500 -0.500 -0.200 -1.814 1.538 -0.357
0.500 -0.500 -0.100 -1.821 1.502 -0.175
0.500 -0.500 0.000 -1.816 1.435 0.000
0.500 -0.500 0.100 -1.802 1.339 0.165
0.500 -0.500 0.200 -1.777 1.221 0.316
0.500 -0.500 0.300 -1.746 1.084 0.449
0.500 -0.500 0.400 -1.708 0.934 0.562
0.500 -0.500 0.500 -1.665 0.777 0.655
0.500 -0.400 -0.500 -1.543 1.292 -0.806
0.500 -0.400 -0.400 -1.578 1.343 -0.671
0.500 -0.400 -0.300 -1.607 1.366 -0.526
0.500 -0.400 -0.200 -1.628 1.363 -0.375
0.500 -0.400 -0.100 -1.642 1.333 -0.223
0.500 -0.400 0.000 -1.646 1.277 -0.074
0.500 -0.400 0.100 -1.645 1.198 0.067
0.500 -0.400 0.200 -1.635 1.101 0.198
0.500 -0.400 0.300 -1.619 0.986 0.317
0.500 -0.400 0.400 -1.598 0.861 0.421
0.500 -0.400 0.500 -1.570 0.729 0.509
0.500 -0.300 -0.500 -1.384 1.160 -0.750
0.500 -0.300 -0.400 -1.419 1.201 -0.637
0.500 -0.300 -0.300 -1.449 1.221 -0.516
0.500 -0.300 -0.200 -1.475 1.218 -0.390
0.500 -0.300 -0.100 -1.493 1.193 -0.262
0.500 -0.300 0.000 -1.507 1.147 -0.136
0.500 -0.300 0.100 -1.515 1.082 -0.014
0.500 -0.300 0.200 -1.517 1.001 0.101
0.500 -0.300 0.300 -1.514 0.906 0.207
0.500 -0.300 0.400 -1.504 0.802 0.302
0.500 -0.300 0.500 -1.489 0.691 0.386
0.500 -0.200 -0.500 -1.249 1.049 -0.703
0.500 -0.200 -0.400 -1.284 1.083 -0.609
0.500 -0.200 -0.300 -1.316 1.100 -0.508
0.500 -0.200 -0.200 -1.345 1.098 -0.403
0.500 -0.200 -0.100 -1.369 1.077 -0.295
0.500 -0.200 0.000 -1.390 1.040 -0.187
0.500 -0.200 0.100 -1.405 0.987 -0.081
0.500 -0.200 0.200 -1.417 0.920 0.020
0.500 -0.200 0.300 -1.423 0.842 0.115
0.500 -0.200 0.400 -1.424 0.756 0.204
0.500 -0.200 0.500 -1.419 0.664 0.283
0.500 -0.100 -0.500 -1.134 0.957 -0.663
0.500 -0.100 -0.400 -1.170 0.986 -0.585
0.500 -0.100 -0.300 -1.203 1.000 -0.501
0.500 -0.100 -0.200 -1.234 1.000 -0.412
0.500 -0.100 -0.100 -1.264 0.984 -0.320
0.500 -0.100 0.000 -1.289 0.954 -0.228
0.500 -0.100 0.100 -1.312 0.912 -0.135
0.500 -0.100 0.200 -1.330 0.857 -0.046
0.500 -0.100 0.300 -1.344 0.794 0.041
0.500 -0.100 0.400 -1.352 0.723 0.122
0.500 -0.100 0.500 -1.354 0.647 0.198
0.500 0.000 -0.500 -1.033 0.880 -0.630
0.500 0.000 -0.400 -1.069 0.906 -0.565
0.500 0.000 -0.300 -1.104 0.919 -0.494
0.500 0.000 -0.200 -1.139 0.920 -0.419
0.500 0.000 -0.100 -1.171 0.909 -0.340
0.500 0.000 0.000 -1.201 0.886 -0.260
0.500 0.000 0.100 -1.228 0.853 -0.179
0.500 0.000 0.200 -1.252 0.810 -0.099
0.500 0.000 0.300 -1.271 0.759 -0.020
0.500 0.000 0.400 -1.285 0.702 0.056
0.500 0.000 0.500 -1.293 0.640 0.128
0.500 0.100 -0.500 -0.944 0.817 -0.601
0.500 0.100 -0.400 -0.981 0.840 -0.546
0.500 0.100 -0.300 -1.018 0.853 -0.487
0.500 0.100 -0.200 -1.054 0.856 -0.422
0.500 0.100 -0.100 -1.088 0.849 -0.354
0.500 0.100 0.000 -1.121 0.833 -0.284
0.500 0.100 0.100 -1.151 0.808 -0.213
0.500 0.100 0.200 -1.179 0.774 -0.141
0.500 0.100 0.300 -1.202 0.735 -0.069
0.500 0.100 0.400 -1.221 0.690 0.002
0.500 0.100 0.500 -1.232 0.641 0.071
0.500 0.200 -0.500 -0.864 0.766 -0.575
0.500 0.200 -0.400 -0.901 0.787 -0.529
0.500 0.200 -0.300 -0.938 0.800 -0.478
0.500 0.200 -0.200 -0.976 0.805 -0.423
0.500 0.200 -0.100 -1.012 0.802 -0.364
0.500 0.200 0.000 -1.047 0.792 -0.302
0.500 0.200 0.100 -1.079 0.774 -0.238
0.500 0.200 0.200 -1.109 0.750 -0.172
0.500 0.200 0.300 -1.135 0.720 -0.106
0.500 0.200 0.400 -1.156 0.685 -0.039
0.500 0.200 0.500 -1.170 0.647 0.026
0.500 0.300 -0.500 -0.791 0.723 -0.551
0.500 0.300 -0.400 -0.828 0.743 -0.512
0.500 0.300 -0.300 -0.866 0.756 -0.468
0.500 0.300 -0.200 -0.903 0.764 -0.420
0.500 0.300 -0.100 -0.940 0.765 -0.368
0.500 0.300 0.000 -0.976 0.760 -0.313
0.500 0.300 0.100 -1.010 0.749 -0.255
0.500 0.300 0.200 -1.040 0.732 -0.196
0.500 0.300 0.300 -1.067 0.710 -0.134
0.500 0.300 0.400 -1.089 0.685 -0.071
0.500 0.300 0.500 -1.104 0.657 -0.008
0.500 0.400 -0.500 -0.723 0.687 -0.529
0.500 0.400 -0.400 -0.761 0.706 -0.495
0.500 0.400 -0.300 -0.798 0.721 -0.457
0.500 0.400 -0.200 -0.835 0.730 -0.414
0.500 0.400 -0.100 -0.872 0.735 -0.368
0.500 0.400 0.000 -0.907 0.734 -0.319
0.500 0.400 0.100 -0.940 0.729 -0.266
0.500 0.400 0.200 -0.971 0.719 -0.211
0.500 0.400 0.300 -0.998 0.706 -0.153
0.500 0.400 0.400 -1.020 0.688 -0.094
0.500 0.400 0.500 -1.034 0.667 -0.034
0.500 0.500 -0.500 -0.660 0.656 -0.507
0.500 0.500 -0.400 -0.697 0.675 -0.478
0.500 0.500 -0.300 -0.733 0.690 -0.444
0.500 0.500 -0.200 -0.770 0.702 -0.406
0.500 0.500 -0.100 -0.805 0.710 -0.364
0.500 0.500 0.000 -0.839 0.714 -0.319
0.500 0.500 0.100 -0.872 0.713 -0.271
0.500 0.500 0.200 -0.901 0.709 -0.220
0.500 0.500 0.300 -0.927 0.702 -0.166
0.500 0.500 0.400 -0.947 0.691 -0.110
0.500 0.500 0.500 -0.960 0.677 -0.053
