#Sample Density: 11 11 11; Volume: Box: 0.5 0.5 0.5
#Frame 0
#Center: 44.02899932861328 30.897499084472656 41.738502502441406
#Basis Matrix:
# 0.9083700776100159 -0.37812313437461853 -0.1785682886838913
# -0.4135841727256775 -0.7493338584899902 -0.517152726650238
# 0.06174015253782272 0.5436190962791443 -0.8370581865310669
-0.500 -0.500 -0.500 -0.677 -0.229 -0.429
-0.500 -0.500 -0.400 -0.728 -0.201 -0.424
-0.500 -0.500 -0.300 -0.778 -0.172 -0.408
-0.500 -0.500 -0.200 -0.827 -0.143 -0.381
-0.500 -0.500 -0.100 -0.873 -0.114 -0.341
-0.500 -0.500 0.000 -0.914 -0.086 -0.288
-0.500 -0.500 0.100 -0.950 -0.062 -0.222
-0.500 -0.500 0.200 -0.978 -0.043 -0.143
-0.500 -0.500 0.300 -0.996 -0.030 -0.051
-0.500 -0.500 0.400 -1.004 -0.024 0.053
-0.500 -0.500 0.500 -1.000 -0.028 0.167
-0.500 -0.400 -0.500 -0.672 -0.186 -0.404
-0.500 -0.400 -0.400 -0.720 -0.163 -0.398
-0.500 -0.400 -0.300 -0.766 -0.138 -0.381
-0.500 -0.400 -0.200 -0.810 -0.113 -0.354
-0.500 -0.400 -0.100 -0.852 -0.088 -0.315
-0.500 -0.400 0.000 -0.889 -0.066 -0.265
-0.500 -0.400 0.100 -0.920 -0.047 -0.202
-0.500 -0.400 0.200 -0.945 -0.032 -0.128
-0.500 -0.400 0.300 -0.962 -0.023 -0.043
-0.500 -0.400 0.400 -0.969 -0.021 0.052
-0.500 -0.400 0.500 -0.965 -0.028 0.156
-0.500 -0.300 -0.500 -0.665 -0.150 -0.384
-0.500 -0.300 -0.400 -0.708 -0.130 -0.375
-0.500 -0.300 -0.300 -0.751 -0.110 -0.358
-0.500 -0.300 -0.200 -0.792 -0.089 -0.331
-0.500 -0.300 -0.100 -0.829 -0.069 -0.294
-0.500 -0.300 0.000 -0.863 -0.051 -0.246
-0.500 -0.300 0.100 -0.892 -0.036 -0.187
-0.500 -0.300 0.200 -0.914 -0.025 -0.118
-0.500 -0.300 0.300 -0.929 -0.020 -0.039
-0.500 -0.300 0.400 -0.936 -0.021 0.048
-0.500 -0.300 0.500 -0.932 -0.031 0.143
-0.500 -0.200 -0.500 -0.655 -0.120 -0.366
-0.500 -0.200 -0.400 -0.695 -0.104 -0.357
-0.500 -0.200 -0.300 -0.735 -0.087 -0.339
-0.500 -0.200 -0.200 -0.772 -0.070 -0.313
-0.500 -0.200 -0.100 -0.807 -0.055 -0.277
-0.500 -0.200 0.000 -0.838 -0.041 -0.231
-0.500 -0.200 0.100 -0.865 -0.030 -0.176
-0.500 -0.200 0.200 -0.885 -0.023 -0.112
-0.500 -0.200 0.300 -0.899 -0.021 -0.039
-0.500 -0.200 0.400 -0.905 -0.025 0.042
-0.500 -0.200 0.500 -0.902 -0.036 0.129
-0.500 -0.100 -0.500 -0.644 -0.094 -0.352
-0.500 -0.100 -0.400 -0.682 -0.081 -0.342
-0.500 -0.100 -0.300 -0.718 -0.068 -0.324
-0.500 -0.100 -0.200 -0.753 -0.056 -0.298
-0.500 -0.100 -0.100 -0.786 -0.044 -0.264
-0.500 -0.100 0.000 -0.815 -0.034 -0.220
-0.500 -0.100 0.100 -0.839 -0.027 -0.169
-0.500 -0.100 0.200 -0.859 -0.023 -0.109
-0.500 -0.100 0.300 -0.872 -0.024 -0.041
-0.500 -0.100 0.400 -0.878 -0.030 0.033
-0.500 -0.100 0.500 -0.876 -0.043 0.113
-0.500 0.000 -0.500 -0.631 -0.072 -0.342
-0.500 0.000 -0.400 -0.667 -0.063 -0.331
-0.500 0.000 -0.300 -0.703 -0.054 -0.313
-0.500 0.000 -0.200 -0.736 -0.045 -0.288
-0.500 0.000 -0.100 -0.767 -0.036 -0.255
-0.500 0.000 0.000 -0.794 -0.030 -0.214
-0.500 0.000 0.100 -0.817 -0.026 -0.165
-0.500 0.000 0.200 -0.835 -0.026 -0.108
-0.500 0.000 0.300 -0.848 -0.029 -0.046
-0.500 0.000 0.400 -0.854 -0.037 0.023
-0.500 0.000 0.500 -0.854 -0.051 0.097
-0.500 0.100 -0.500 -0.620 -0.053 -0.334
-0.500 0.100 -0.400 -0.654 -0.047 -0.323
-0.500 0.100 -0.300 -0.688 -0.041 -0.306
-0.500 0.100 -0.200 -0.720 -0.036 -0.281
-0.500 0.100 -0.100 -0.750 -0.031 -0.249
-0.500 0.100 0.000 -0.776 -0.028 -0.210
-0.500 0.100 0.100 -0.798 -0.027 -0.164
-0.500 0.100 0.200 -0.816 -0.029 -0.111
-0.500 0.100 0.300 -0.829 -0.034 -0.052
-0.500 0.100 0.400 -0.836 -0.044 0.012
-0.500 0.100 0.500 -0.836 -0.059 0.080
-0.500 0.200 -0.500 -0.608 -0.037 -0.330
-0.500 0.200 -0.400 -0.642 -0.034 -0.319
-0.500 0.200 -0.300 -0.675 -0.031 -0.301
-0.500 0.200 -0.200 -0.706 -0.028 -0.277
-0.500 0.200 -0.100 -0.735 -0.027 -0.247
-0.500 0.200 0.000 -0.761 -0.026 -0.209
-0.500 0.200 0.100 -0.783 -0.028 -0.165
-0.500 0.200 0.200 -0.801 -0.033 -0.116
-0.500 0.200 0.300 -0.814 -0.040 -0.060
-0.500 0.200 0.400 -0.822 -0.051 -0.001
-0.500 0.200 0.500 -0.823 -0.066 0.063
-0.500 0.300 -0.500 -0.597 -0.022 -0.328
-0.500 0.300 -0.400 -0.630 -0.022 -0.317
-0.500 0.300 -0.300 -0.663 -0.021 -0.300
-0.500 0.300 -0.200 -0.694 -0.021 -0.276
-0.500 0.300 -0.100 -0.723 -0.023 -0.247
-0.500 0.300 0.000 -0.749 -0.025 -0.211
-0.500 0.300 0.100 -0.771 -0.029 -0.170
-0.500 0.300 0.200 -0.790 -0.035 -0.122
-0.500 0.300 0.300 -0.803 -0.044 -0.070
-0.500 0.300 0.400 -0.812 -0.056 -0.014
-0.500 0.300 0.500 -0.815 -0.071 0.046
-0.500 0.400 -0.500 -0.586 -0.008 -0.329
-0.500 0.400 -0.400 -0.620 -0.010 -0.318
-0.500 0.400 -0.300 -0.653 -0.012 -0.301
-0.500 0.400 -0.200 -0.684 -0.015 -0.278
-0.500 0.400 -0.100 -0.713 -0.018 -0.250
-0.500 0.400 0.000 -0.739 -0.023 -0.215
-0.500 0.400 0.100 -0.762 -0.029 -0.176
-0.500 0.400 0.200 -0.782 -0.037 -0.131
-0.500 0.400 0.300 -0.796 -0.047 -0.081
-0.500 0.400 0.400 -0.806 -0.060 -0.028
-0.500 0.400 0.500 -0.811 -0.075 0.029
-0.500 0.500 -0.500 -0.577 0.006 -0.332
-0.500 0.500 -0.400 -0.611 0.002 -0.321
-0.500 0.500 -0.300 -0.644 -0.002 -0.304
-0.500 0.500 -0.200 -0.676 -0.007 -0.282
-0.500 0.500 -0.100 -0.706 -0.012 -0.255
-0.500 0.500 0.000 -0.733 -0.019 -0.222
-0.500 0.500 0.100 -0.757 -0.027 -0.184
-0.500 0.500 0.200 -0.777 -0.036 -0.140
-0.500 0.500 0.300 -0.793 -0.047 -0.093
-0.500 0.500 0.400 -0.804 -0.060 -0.042
-0.500 0.500 0.500 -0.810 -0.076 0.012
-0.400 -0.500 -0.500 -0.724 -0.224 -0.483
-0.400 -0.500 -0.400 -0.782 -0.192 -0.479
-0.400 -0.500 -0.300 -0.840 -0.158 -0.462
-0.400 -0.500 -0.200 -0.896 -0.123 -0.433
-0.400 -0.500 -0.100 -0.951 -0.089 -0.389
-0.400 -0.500 0.000 -1.001 -0.056 -0.331
-0.400 -0.500 0.100 -1.045 -0.028 -0.258
-0.400 -0.500 0.200 -1.082 -0.004 -0.170
-0.400 -0.500 0.300 -1.108 0.012 -0.068
-0.400 -0.500 0.400 -1.125 0.019 0.047
-0.400 -0.500 0.500 -1.127 0.015 0.175
-0.400 -0.400 -0.500 -0.715 -0.178 -0.454
-0.400 -0.400 -0.400 -0.768 -0.150 -0.448
-0.400 -0.400 -0.300 -0.820 -0.121 -0.430
-0.400 -0.400 -0.200 -0.872 -0.091 -0.401
-0.400 -0.400 -0.100 -0.920 -0.062 -0.358
-0.400 -0.400 0.000 -0.965 -0.036 -0.303
-0.400 -0.400 0.100 -1.005 -0.012 -0.235
-0.400 -0.400 0.200 -1.037 0.006 -0.153
-0.400 -0.400 0.300 -1.061 0.017 -0.059
-0.400 -0.400 0.400 -1.074 0.020 0.047
-0.400 -0.400 0.500 -1.077 0.013 0.163
-0.400 -0.300 -0.500 -0.703 -0.139 -0.430
-0.400 -0.300 -0.400 -0.751 -0.116 -0.421
-0.400 -0.300 -0.300 -0.799 -0.091 -0.403
-0.400 -0.300 -0.200 -0.846 -0.067 -0.374
-0.400 -0.300 -0.100 -0.891 -0.043 -0.333
-0.400 -0.300 0.000 -0.931 -0.021 -0.281
-0.400 -0.300 0.100 -0.966 -0.003 -0.216
-0.400 -0.300 0.200 -0.995 0.010 -0.140
-0.400 -0.300 0.300 -1.017 0.017 -0.053
-0.400 -0.300 0.400 -1.028 0.017 0.044
-0.400 -0.300 0.500 -1.030 0.007 0.149
-0.400 -0.200 -0.500 -0.688 -0.107 -0.409
-0.400 -0.200 -0.400 -0.734 -0.088 -0.399
-0.400 -0.200 -0.300 -0.778 -0.068 -0.381
-0.400 -0.200 -0.200 -0.821 -0.049 -0.352
-0.400 -0.200 -0.100 -0.861 -0.030 -0.313
-0.400 -0.200 0.000 -0.898 -0.013 -0.263
-0.400 -0.200 0.100 -0.930 0.000 -0.202
-0.400 -0.200 0.200 -0.957 0.009 -0.132
-0.400 -0.200 0.300 -0.976 0.013 -0.051
-0.400 -0.200 0.400 -0.987 0.009 0.038
-0.400 -0.200 0.500 -0.988 -0.003 0.134
-0.400 -0.100 -0.500 -0.674 -0.081 -0.393
-0.400 -0.100 -0.400 -0.716 -0.066 -0.382
-0.400 -0.100 -0.300 -0.757 -0.050 -0.363
-0.400 -0.100 -0.200 -0.797 -0.035 -0.335
-0.400 -0.100 -0.100 -0.834 -0.021 -0.297
-0.400 -0.100 0.000 -0.869 -0.009 -0.250
-0.400 -0.100 0.100 -0.898 -0.000 -0.193
-0.400 -0.100 0.200 -0.922 0.005 -0.127
-0.400 -0.100 0.300 -0.940 0.005 -0.053
-0.400 -0.100 0.400 -0.950 -0.001 0.029
-0.400 -0.100 0.500 -0.953 -0.014 0.117
-0.400 0.000 -0.500 -0.659 -0.059 -0.380
-0.400 0.000 -0.400 -0.699 -0.048 -0.369
-0.400 0.000 -0.300 -0.738 -0.037 -0.350
-0.400 0.000 -0.200 -0.775 -0.026 -0.322
-0.400 0.000 -0.100 -0.811 -0.016 -0.286
-0.400 0.000 0.000 -0.842 -0.008 -0.241
-0.400 0.000 0.100 -0.870 -0.003 -0.188
-0.400 0.000 0.200 -0.893 -0.002 -0.126
-0.400 0.000 0.300 -0.910 -0.005 -0.057
-0.400 0.000 0.400 -0.920 -0.013 0.018
-0.400 0.000 0.500 -0.923 -0.028 0.099
-0.400 0.100 -0.500 -0.645 -0.041 -0.371
-0.400 0.100 -0.400 -0.683 -0.033 -0.360
-0.400 0.100 -0.300 -0.720 -0.026 -0.341
-0.400 0.100 -0.200 -0.756 -0.019 -0.314
-0.400 0.100 -0.100 -0.790 -0.013 -0.279
-0.400 0.100 0.000 -0.820 -0.010 -0.236
-0.400 0.100 0.100 -0.847 -0.008 -0.186
-0.400 0.100 0.200 -0.869 -0.010 -0.128
-0.400 0.100 0.300 -0.885 -0.015 -0.064
-0.400 0.100 0.400 -0.896 -0.025 0.006
-0.400 0.100 0.500 -0.899 -0.041 0.081
-0.400 0.200 -0.500 -0.631 -0.025 -0.366
-0.400 0.200 -0.400 -0.668 -0.021 -0.354
-0.400 0.200 -0.300 -0.705 -0.017 -0.335
-0.400 0.200 -0.200 -0.740 -0.014 -0.309
-0.400 0.200 -0.100 -0.773 -0.012 -0.276
-0.400 0.200 0.000 -0.803 -0.012 -0.235
-0.400 0.200 0.100 -0.829 -0.013 -0.188
-0.400 0.200 0.200 -0.851 -0.018 -0.133
-0.400 0.200 0.300 -0.867 -0.026 -0.073
-0.400 0.200 0.400 -0.878 -0.037 -0.007
-0.400 0.200 0.500 -0.882 -0.053 0.063
-0.400 0.300 -0.500 -0.619 -0.011 -0.364
-0.400 0.300 -0.400 -0.656 -0.010 -0.352
-0.400 0.300 -0.300 -0.692 -0.010 -0.333
-0.400 0.300 -0.200 -0.727 -0.010 -0.308
-0.400 0.300 -0.100 -0.759 -0.011 -0.276
-0.400 0.300 0.000 -0.789 -0.014 -0.237
-0.400 0.300 0.100 -0.815 -0.018 -0.192
-0.400 0.300 0.200 -0.837 -0.025 -0.140
-0.400 0.300 0.300 -0.854 -0.035 -0.083
-0.400 0.300 0.400 -0.866 -0.048 -0.021
-0.400 0.300 0.500 -0.872 -0.064 0.044
-0.400 0.400 -0.500 -0.608 0.002 -0.365
-0.400 0.400 -0.400 -0.646 -0.000 -0.353
-0.400 0.400 -0.300 -0.682 -0.003 -0.335
-0.400 0.400 -0.200 -0.716 -0.006 -0.310
-0.400 0.400 -0.100 -0.750 -0.010 -0.280
-0.400 0.400 0.000 -0.779 -0.015 -0.242
-0.400 0.400 0.100 -0.806 -0.022 -0.199
-0.400 0.400 0.200 -0.829 -0.031 -0.149
-0.400 0.400 0.300 -0.847 -0.042 -0.095
-0.400 0.400 0.400 -0.859 -0.056 -0.036
-0.400 0.400 0.500 -0.866 -0.073 0.026
-0.400 0.500 -0.500 -0.599 0.015 -0.368
-0.400 0.500 -0.400 -0.636 0.010 -0.356
-0.400 0.500 -0.300 -0.673 0.005 -0.339
-0.400 0.500 -0.200 -0.709 -0.000 -0.315
-0.400 0.500 -0.100 -0.743 -0.006 -0.285
-0.400 0.500 0.000 -0.773 -0.014 -0.250
-0.400 0.500 0.100 -0.801 -0.023 -0.208
-0.400 0.500 0.200 -0.825 -0.034 -0.160
-0.400 0.500 0.300 -0.845 -0.046 -0.108
-0.400 0.500 0.400 -0.858 -0.061 -0.052
-0.400 0.500 0.500 -0.867 -0.078 0.008
-0.300 -0.500 -0.500 -0.775 -0.214 -0.544
-0.300 -0.500 -0.400 -0.840 -0.176 -0.541
-0.300 -0.500 -0.300 -0.906 -0.135 -0.524
-0.300 -0.500 -0.200 -0.971 -0.094 -0.493
-0.300 -0.500 -0.100 -1.034 -0.053 -0.446
-0.300 -0.500 0.000 -1.094 -0.015 -0.383
-0.300 -0.500 0.100 -1.148 0.020 -0.304
-0.300 -0.500 0.200 -1.194 0.049 -0.207
-0.300 -0.500 0.300 -1.231 0.069 -0.095
-0.300 -0.500 0.400 -1.256 0.079 0.034
-0.300 -0.500 0.500 -1.267 0.077 0.175
-0.300 -0.400 -0.500 -0.760 -0.164 -0.510
-0.300 -0.400 -0.400 -0.819 -0.131 -0.504
-0.300 -0.400 -0.300 -0.878 -0.097 -0.486
-0.300 -0.400 -0.200 -0.937 -0.061 -0.455
-0.300 -0.400 -0.100 -0.994 -0.027 -0.409
-0.300 -0.400 0.000 -1.047 0.005 -0.350
-0.300 -0.400 0.100 -1.095 0.034 -0.275
-0.300 -0.400 0.200 -1.135 0.056 -0.185
-0.300 -0.400 0.300 -1.167 0.071 -0.081
-0.300 -0.400 0.400 -1.188 0.077 0.036
-0.300 -0.400 0.500 -1.197 0.070 0.164
-0.300 -0.300 -0.500 -0.742 -0.123 -0.481
-0.300 -0.300 -0.400 -0.796 -0.096 -0.473
-0.300 -0.300 -0.300 -0.850 -0.067 -0.454
-0.300 -0.300 -0.200 -0.903 -0.037 -0.423
-0.300 -0.300 -0.100 -0.954 -0.009 -0.379
-0.300 -0.300 0.000 -1.001 0.017 -0.322
-0.300 -0.300 0.100 -1.044 0.039 -0.252
-0.300 -0.300 0.200 -1.080 0.056 -0.169
-0.300 -0.300 0.300 -1.108 0.066 -0.073
-0.300 -0.300 0.400 -1.127 0.068 0.034
-0.300 -0.300 0.500 -1.134 0.059 0.150
-0.300 -0.200 -0.500 -0.723 -0.090 -0.457
-0.300 -0.200 -0.400 -0.773 -0.068 -0.447
-0.300 -0.200 -0.300 -0.822 -0.044 -0.427
-0.300 -0.200 -0.200 -0.871 -0.021 -0.396
-0.300 -0.200 -0.100 -0.917 0.002 -0.354
-0.300 -0.200 0.000 -0.960 0.022 -0.301
-0.300 -0.200 0.100 -0.998 0.039 -0.235
-0.300 -0.200 0.200 -1.030 0.051 -0.157
-0.300 -0.200 0.300 -1.056 0.056 -0.069
-0.300 -0.200 0.400 -1.072 0.054 0.028
-0.300 -0.200 0.500 -1.079 0.042 0.134
-0.300 -0.100 -0.500 -0.704 -0.064 -0.437
-0.300 -0.100 -0.400 -0.750 -0.046 -0.426
-0.300 -0.100 -0.300 -0.796 -0.028 -0.406
-0.300 -0.100 -0.200 -0.841 -0.010 -0.376
-0.300 -0.100 -0.100 -0.884 0.007 -0.335
-0.300 -0.100 0.000 -0.923 0.022 -0.284
-0.300 -0.100 0.100 -0.958 0.034 -0.223
-0.300 -0.100 0.200 -0.987 0.041 -0.151
-0.300 -0.100 0.300 -1.010 0.042 -0.069
-0.300 -0.100 0.400 -1.025 0.037 0.020
-0.300 -0.100 0.500 -1.031 0.023 0.117
-0.300 0.000 -0.500 -0.686 -0.043 -0.422
-0.300 0.000 -0.400 -0.729 -0.030 -0.410
-0.300 0.000 -0.300 -0.773 -0.016 -0.390
-0.300 0.000 -0.200 -0.815 -0.003 -0.361
-0.300 0.000 -0.100 -0.854 0.008 -0.322
-0.300 0.000 0.000 -0.891 0.018 -0.273
-0.300 0.000 0.100 -0.924 0.025 -0.215
-0.300 0.000 0.200 -0.951 0.028 -0.148
-0.300 0.000 0.300 -0.972 0.026 -0.073
-0.300 0.000 0.400 -0.986 0.018 0.010
-0.300 0.000 0.500 -0.993 0.003 0.099
-0.300 0.100 -0.500 -0.669 -0.026 -0.411
-0.300 0.100 -0.400 -0.711 -0.017 -0.399
-0.300 0.100 -0.300 -0.752 -0.008 -0.379
-0.300 0.100 -0.200 -0.792 -0.000 -0.351
-0.300 0.100 -0.100 -0.830 0.007 -0.313
-0.300 0.100 0.000 -0.865 0.012 -0.267
-0.300 0.100 0.100 -0.896 0.015 -0.213
-0.300 0.100 0.200 -0.922 0.014 -0.150
-0.300 0.100 0.300 -0.942 0.009 -0.079
-0.300 0.100 0.400 -0.956 -0.002 -0.002
-0.300 0.100 0.500 -0.963 -0.018 0.080
-0.300 0.200 -0.500 -0.654 -0.012 -0.405
-0.300 0.200 -0.400 -0.695 -0.007 -0.393
-0.300 0.200 -0.300 -0.735 -0.002 -0.373
-0.300 0.200 -0.200 -0.773 0.001 -0.345
-0.300 0.200 -0.100 -0.810 0.004 -0.309
-0.300 0.200 0.000 -0.844 0.005 -0.265
-0.300 0.200 0.100 -0.874 0.004 -0.214
-0.300 0.200 0.200 -0.900 -0.001 -0.154
-0.300 0.200 0.300 -0.920 -0.009 -0.088
-0.300 0.200 0.400 -0.934 -0.021 -0.016
-0.300 0.200 0.500 -0.941 -0.038 0.060
-0.300 0.300 -0.500 -0.641 0.001 -0.402
-0.300 0.300 -0.400 -0.681 0.002 -0.390
-0.300 0.300 -0.300 -0.721 0.002 -0.371
-0.300 0.300 -0.200 -0.759 0.002 -0.344
-0.300 0.300 -0.100 -0.795 0.001 -0.309
-0.300 0.300 0.000 -0.829 -0.002 -0.267
-0.300 0.300 0.100 -0.859 -0.007 -0.218
-0.300 0.300 0.200 -0.885 -0.014 -0.162
-0.300 0.300 0.300 -0.905 -0.024 -0.099
-0.300 0.300 0.400 -0.920 -0.038 -0.031
-0.300 0.300 0.500 -0.928 -0.056 0.041
-0.300 0.400 -0.500 -0.629 0.012 -0.403
-0.300 0.400 -0.400 -0.670 0.010 -0.391
-0.300 0.400 -0.300 -0.709 0.007 -0.372
-0.300 0.400 -0.200 -0.748 0.003 -0.346
-0.300 0.400 -0.100 -0.785 -0.001 -0.313
-0.300 0.400 0.000 -0.819 -0.008 -0.273
-0.300 0.400 0.100 -0.850 -0.015 -0.225
-0.300 0.400 0.200 -0.876 -0.025 -0.172
-0.300 0.400 0.300 -0.898 -0.038 -0.112
-0.300 0.400 0.400 -0.914 -0.053 -0.047
-0.300 0.400 0.500 -0.923 -0.071 0.021
-0.300 0.500 -0.500 -0.620 0.023 -0.407
-0.300 0.500 -0.400 -0.661 0.018 -0.395
-0.300 0.500 -0.300 -0.702 0.012 -0.377
-0.300 0.500 -0.200 -0.741 0.006 -0.352
-0.300 0.500 -0.100 -0.779 -0.002 -0.320
-0.300 0.500 0.000 -0.814 -0.011 -0.281
-0.300 0.500 0.100 -0.846 -0.021 -0.236
-0.300 0.500 0.200 -0.874 -0.033 -0.184
-0.300 0.500 0.300 -0.897 -0.047 -0.126
-0.300 0.500 0.400 -0.914 -0.063 -0.064
-0.300 0.500 0.500 -0.925 -0.082 0.001
-0.200 -0.500 -0.500 -0.828 -0.196 -0.611
-0.200 -0.500 -0.400 -0.900 -0.151 -0.610
-0.200 -0.500 -0.300 -0.974 -0.104 -0.594
-0.200 -0.500 -0.200 -1.049 -0.055 -0.562
-0.200 -0.500 -0.100 -1.122 -0.006 -0.513
-0.200 -0.500 0.000 -1.192 0.041 -0.446
-0.200 -0.500 0.100 -1.257 0.083 -0.360
-0.200 -0.500 0.200 -1.314 0.119 -0.255
-0.200 -0.500 0.300 -1.361 0.146 -0.131
-0.200 -0.500 0.400 -1.396 0.160 0.011
-0.200 -0.500 0.500 -1.417 0.161 0.168
-0.200 -0.400 -0.500 -0.805 -0.144 -0.571
-0.200 -0.400 -0.400 -0.871 -0.105 -0.566
-0.200 -0.400 -0.300 -0.937 -0.064 -0.549
-0.200 -0.400 -0.200 -1.004 -0.022 -0.517
-0.200 -0.400 -0.100 -1.068 0.019 -0.469
-0.200 -0.400 0.000 -1.131 0.058 -0.405
-0.200 -0.400 0.100 -1.188 0.093 -0.324
-0.200 -0.400 0.200 -1.237 0.122 -0.226
-0.200 -0.400 0.300 -1.278 0.142 -0.113
-0.200 -0.400 0.400 -1.308 0.151 0.016
-0.200 -0.400 0.500 -1.325 0.147 0.158
-0.200 -0.300 -0.500 -0.781 -0.102 -0.537
-0.200 -0.300 -0.400 -0.840 -0.069 -0.530
-0.200 -0.300 -0.300 -0.900 -0.035 -0.511
-0.200 -0.300 -0.200 -0.960 0.000 -0.478
-0.200 -0.300 -0.100 -1.019 0.034 -0.432
-0.200 -0.300 0.000 -1.073 0.066 -0.371
-0.200 -0.300 0.100 -1.124 0.094 -0.295
-0.200 -0.300 0.200 -1.167 0.116 -0.205
-0.200 -0.300 0.300 -1.203 0.130 -0.100
-0.200 -0.300 0.400 -1.229 0.134 0.017
-0.200 -0.300 0.500 -1.243 0.126 0.145
-0.200 -0.200 -0.500 -0.757 -0.069 -0.508
-0.200 -0.200 -0.400 -0.811 -0.042 -0.499
-0.200 -0.200 -0.300 -0.866 -0.014 -0.479
-0.200 -0.200 -0.200 -0.920 0.014 -0.447
-0.200 -0.200 -0.100 -0.973 0.041 -0.402
-0.200 -0.200 0.000 -1.021 0.066 -0.344
-0.200 -0.200 0.100 -1.066 0.087 -0.273
-0.200 -0.200 0.200 -1.105 0.103 -0.190
-0.200 -0.200 0.300 -1.137 0.111 -0.093
-0.200 -0.200 0.400 -1.159 0.111 0.014
-0.200 -0.200 0.500 -1.171 0.101 0.130
-0.200 -0.100 -0.500 -0.733 -0.043 -0.485
-0.200 -0.100 -0.400 -0.784 -0.022 -0.475
-0.200 -0.100 -0.300 -0.834 -0.001 -0.454
-0.200 -0.100 -0.200 -0.884 0.021 -0.422
-0.200 -0.100 -0.100 -0.932 0.042 -0.379
-0.200 -0.100 0.000 -0.977 0.060 -0.324
-0.200 -0.100 0.100 -1.017 0.075 -0.258
-0.200 -0.100 0.200 -1.052 0.085 -0.180
-0.200 -0.100 0.300 -1.080 0.089 -0.091
-0.200 -0.100 0.400 -1.101 0.085 0.007
-0.200 -0.100 0.500 -1.111 0.072 0.113
-0.200 0.000 -0.500 -0.711 -0.024 -0.468
-0.200 0.000 -0.400 -0.759 -0.008 -0.456
-0.200 0.000 -0.300 -0.806 0.008 -0.435
-0.200 0.000 -0.200 -0.853 0.023 -0.404
-0.200 0.000 -0.100 -0.897 0.038 -0.363
-0.200 0.000 0.000 -0.938 0.050 -0.311
-0.200 0.000 0.100 -0.976 0.059 -0.248
-0.200 0.000 0.200 -1.008 0.064 -0.175
-0.200 0.000 0.300 -1.034 0.063 -0.093
-0.200 0.000 0.400 -1.053 0.056 -0.003
-0.200 0.000 0.500 -1.062 0.041 0.095
-0.200 0.100 -0.500 -0.692 -0.009 -0.455
-0.200 0.100 -0.400 -0.737 0.002 -0.443
-0.200 0.100 -0.300 -0.782 0.012 -0.422
-0.200 0.100 -0.200 -0.826 0.022 -0.392
-0.200 0.100 -0.100 -0.868 0.031 -0.352
-0.200 0.100 0.000 -0.907 0.038 -0.302
-0.200 0.100 0.100 -0.943 0.041 -0.243
-0.200 0.100 0.200 -0.973 0.042 -0.175
-0.200 0.100 0.300 -0.998 0.037 -0.098
-0.200 0.100 0.400 -1.016 0.027 -0.015
-0.200 0.100 0.500 -1.025 0.011 0.075
-0.200 0.200 -0.500 -0.675 0.003 -0.447
-0.200 0.200 -0.400 -0.719 0.009 -0.435
-0.200 0.200 -0.300 -0.762 0.014 -0.414
-0.200 0.200 -0.200 -0.805 0.019 -0.385
-0.200 0.200 -0.100 -0.846 0.022 -0.347
-0.200 0.200 0.000 -0.884 0.024 -0.300
-0.200 0.200 0.100 -0.918 0.023 -0.244
-0.200 0.200 0.200 -0.947 0.019 -0.179
-0.200 0.200 0.300 -0.972 0.011 -0.107
-0.200 0.200 0.400 -0.989 -0.001 -0.029
-0.200 0.200 0.500 -1.000 -0.019 0.055
-0.200 0.300 -0.500 -0.660 0.013 -0.444
-0.200 0.300 -0.400 -0.704 0.014 -0.432
-0.200 0.300 -0.300 -0.747 0.015 -0.412
-0.200 0.300 -0.200 -0.789 0.015 -0.383
-0.200 0.300 -0.100 -0.830 0.014 -0.347
-0.200 0.300 0.000 -0.867 0.011 -0.302
-0.200 0.300 0.100 -0.901 0.006 -0.248
-0.200 0.300 0.200 -0.931 -0.002 -0.187
-0.200 0.300 0.300 -0.955 -0.013 -0.118
-0.200 0.300 0.400 -0.973 -0.028 -0.044
-0.200 0.300 0.500 -0.984 -0.046 0.034
-0.200 0.400 -0.500 -0.648 0.022 -0.445
-0.200 0.400 -0.400 -0.692 0.020 -0.433
-0.200 0.400 -0.300 -0.736 0.016 -0.413
-0.200 0.400 -0.200 -0.778 0.012 -0.386
-0.200 0.400 -0.100 -0.819 0.006 -0.351
-0.200 0.400 0.000 -0.857 -0.001 -0.307
-0.200 0.400 0.100 -0.893 -0.010 -0.256
-0.200 0.400 0.200 -0.923 -0.021 -0.198
-0.200 0.400 0.300 -0.948 -0.034 -0.132
-0.200 0.400 0.400 -0.967 -0.050 -0.061
-0.200 0.400 0.500 -0.979 -0.070 0.014
-0.200 0.500 -0.500 -0.639 0.032 -0.449
-0.200 0.500 -0.400 -0.684 0.025 -0.438
-0.200 0.500 -0.300 -0.729 0.018 -0.419
-0.200 0.500 -0.200 -0.772 0.010 -0.393
-0.200 0.500 -0.100 -0.814 0.001 -0.359
-0.200 0.500 0.000 -0.854 -0.009 -0.317
-0.200 0.500 0.100 -0.891 -0.021 -0.268
-0.200 0.500 0.200 -0.922 -0.035 -0.211
-0.200 0.500 0.300 -0.949 -0.051 -0.148
-0.200 0.500 0.400 -0.969 -0.069 -0.080
-0.200 0.500 0.500 -0.983 -0.088 -0.007
-0.100 -0.500 -0.500 -0.880 -0.170 -0.686
-0.100 -0.500 -0.400 -0.960 -0.118 -0.687
-0.100 -0.500 -0.300 -1.043 -0.061 -0.673
-0.100 -0.500 -0.200 -1.127 -0.003 -0.641
-0.100 -0.500 -0.100 -1.211 0.055 -0.591
-0.100 -0.500 0.000 -1.293 0.112 -0.520
-0.100 -0.500 0.100 -1.369 0.164 -0.427
-0.100 -0.500 0.200 -1.439 0.209 -0.313
-0.100 -0.500 0.300 -1.498 0.244 -0.178
-0.100 -0.500 0.400 -1.545 0.266 -0.022
-0.100 -0.500 0.500 -1.575 0.271 0.151
-0.100 -0.400 -0.500 -0.850 -0.116 -0.639
-0.100 -0.400 -0.400 -0.921 -0.071 -0.636
-0.100 -0.400 -0.300 -0.995 -0.022 -0.620
-0.100 -0.400 -0.200 -1.070 0.028 -0.587
-0.100 -0.400 -0.100 -1.144 0.077 -0.537
-0.100 -0.400 0.000 -1.215 0.125 -0.469
-0.100 -0.400 0.100 -1.282 0.168 -0.383
-0.100 -0.400 0.200 -1.342 0.205 -0.277
-0.100 -0.400 0.300 -1.393 0.232 -0.153
-0.100 -0.400 0.400 -1.432 0.246 -0.012
-0.100 -0.400 0.500 -1.457 0.246 0.145
-0.100 -0.300 -0.500 -0.818 -0.074 -0.598
-0.100 -0.300 -0.400 -0.883 -0.036 -0.593
-0.100 -0.300 -0.300 -0.950 0.005 -0.574
-0.100 -0.300 -0.200 -1.017 0.047 -0.541
-0.100 -0.300 -0.100 -1.082 0.088 -0.493
-0.100 -0.300 0.000 -1.145 0.127 -0.428
-0.100 -0.300 0.100 -1.203 0.161 -0.347
-0.100 -0.300 0.200 -1.255 0.190 -0.249
-0.100 -0.300 0.300 -1.299 0.209 -0.135
-0.100 -0.300 0.400 -1.332 0.218 -0.007
-0.100 -0.300 0.500 -1.354 0.213 0.134
-0.100 -0.200 -0.500 -0.788 -0.042 -0.564
-0.100 -0.200 -0.400 -0.848 -0.011 -0.557
-0.100 -0.200 -0.300 -0.907 0.022 -0.537
-0.100 -0.200 -0.200 -0.967 0.056 -0.503
-0.100 -0.200 -0.100 -1.026 0.089 -0.457
-0.100 -0.200 0.000 -1.082 0.120 -0.395
-0.100 -0.200 0.100 -1.133 0.146 -0.319
-0.100 -0.200 0.200 -1.179 0.167 -0.228
-0.100 -0.200 0.300 -1.217 0.180 -0.124
-0.100 -0.200 0.400 -1.245 0.183 -0.007
-0.100 -0.200 0.500 -1.264 0.174 0.120
-0.100 -0.100 -0.500 -0.760 -0.019 -0.537
-0.100 -0.100 -0.400 -0.814 0.006 -0.527
-0.100 -0.100 -0.300 -0.870 0.032 -0.507
-0.100 -0.100 -0.200 -0.924 0.058 -0.474
-0.100 -0.100 -0.100 -0.977 0.083 -0.428
-0.100 -0.100 0.000 -1.027 0.106 -0.370
-0.100 -0.100 0.100 -1.073 0.125 -0.299
-0.100 -0.100 0.200 -1.114 0.139 -0.214
-0.100 -0.100 0.300 -1.147 0.146 -0.118
-0.100 -0.100 0.400 -1.173 0.144 -0.011
-0.100 -0.100 0.500 -1.189 0.132 0.104
-0.100 0.000 -0.500 -0.734 -0.001 -0.516
-0.100 0.000 -0.400 -0.785 0.017 -0.505
-0.100 0.000 -0.300 -0.836 0.036 -0.484
-0.100 0.000 -0.200 -0.887 0.055 -0.452
-0.100 0.000 -0.100 -0.936 0.072 -0.408
-0.100 0.000 0.000 -0.982 0.088 -0.353
-0.100 0.000 0.100 -1.024 0.100 -0.285
-0.100 0.000 0.200 -1.062 0.107 -0.207
-0.100 0.000 0.300 -1.092 0.109 -0.118
-0.100 0.000 0.400 -1.115 0.103 -0.019
-0.100 0.000 0.500 -1.130 0.089 0.086
-0.100 0.100 -0.500 -0.711 0.011 -0.501
-0.100 0.100 -0.400 -0.760 0.023 -0.490
-0.100 0.100 -0.300 -0.809 0.036 -0.469
-0.100 0.100 -0.200 -0.856 0.048 -0.437
-0.100 0.100 -0.100 -0.903 0.058 -0.395
-0.100 0.100 0.000 -0.946 0.067 -0.342
-0.100 0.100 0.100 -0.986 0.072 -0.279
-0.100 0.100 0.200 -1.021 0.074 -0.205
-0.100 0.100 0.300 -1.050 0.071 -0.122
-0.100 0.100 0.400 -1.071 0.061 -0.031
-0.100 0.100 0.500 -1.085 0.045 0.067
-0.100 0.200 -0.500 -0.692 0.020 -0.492
-0.100 0.200 -0.400 -0.739 0.027 -0.480
-0.100 0.200 -0.300 -0.787 0.033 -0.459
-0.100 0.200 -0.200 -0.833 0.038 -0.429
-0.100 0.200 -0.100 -0.877 0.043 -0.388
-0.100 0.200 0.000 -0.920 0.045 -0.338
-0.100 0.200 0.100 -0.958 0.045 -0.278
-0.100 0.200 0.200 -0.992 0.041 -0.208
-0.100 0.200 0.300 -1.020 0.034 -0.130
-0.100 0.200 0.400 -1.041 0.021 -0.044
-0.100 0.200 0.500 -1.055 0.003 0.047
-0.100 0.300 -0.500 -0.677 0.027 -0.489
-0.100 0.300 -0.400 -0.723 0.028 -0.477
-0.100 0.300 -0.300 -0.770 0.029 -0.456
-0.100 0.300 -0.200 -0.816 0.029 -0.427
-0.100 0.300 -0.100 -0.860 0.027 -0.388
-0.100 0.300 0.000 -0.902 0.024 -0.340
-0.100 0.300 0.100 -0.940 0.019 -0.282
-0.100 0.300 0.200 -0.974 0.010 -0.216
-0.100 0.300 0.300 -1.002 -0.001 -0.141
-0.100 0.300 0.400 -1.023 -0.016 -0.061
-0.100 0.300 0.500 -1.037 -0.036 0.026
-0.100 0.400 -0.500 -0.665 0.033 -0.490
-0.100 0.400 -0.400 -0.711 0.029 -0.478
-0.100 0.400 -0.300 -0.758 0.025 -0.458
-0.100 0.400 -0.200 -0.805 0.020 -0.430
-0.100 0.400 -0.100 -0.850 0.013 -0.393
-0.100 0.400 0.000 -0.893 0.005 -0.346
-0.100 0.400 0.100 -0.932 -0.005 -0.291
-0.100 0.400 0.200 -0.967 -0.017 -0.227
-0.100 0.400 0.300 -0.996 -0.032 -0.156
-0.100 0.400 0.400 -1.018 -0.050 -0.079
-0.100 0.400 0.500 -1.033 -0.070 0.004
-0.100 0.500 -0.500 -0.655 0.039 -0.495
-0.100 0.500 -0.400 -0.704 0.032 -0.484
-0.100 0.500 -0.300 -0.752 0.023 -0.465
-0.100 0.500 -0.200 -0.800 0.013 -0.438
-0.100 0.500 -0.100 -0.847 0.002 -0.402
-0.100 0.500 0.000 -0.892 -0.010 -0.358
-0.100 0.500 0.100 -0.933 -0.024 -0.304
-0.100 0.500 0.200 -0.969 -0.040 -0.243
-0.100 0.500 0.300 -1.000 -0.058 -0.173
-0.100 0.500 0.400 -1.023 -0.077 -0.098
-0.100 0.500 0.500 -1.040 -0.099 -0.018
0.000 -0.500 -0.500 -0.931 -0.136 -0.768
0.000 -0.500 -0.400 -1.019 -0.074 -0.773
0.000 -0.500 -0.300 -1.110 -0.007 -0.761
0.000 -0.500 -0.200 -1.204 0.062 -0.731
0.000 -0.500 -0.100 -1.299 0.133 -0.680
0.000 -0.500 0.000 -1.393 0.202 -0.605
0.000 -0.500 0.100 -1.482 0.266 -0.507
0.000 -0.500 0.200 -1.565 0.323 -0.385
0.000 -0.500 0.300 -1.638 0.369 -0.238
0.000 -0.500 0.400 -1.697 0.400 -0.068
0.000 -0.500 0.500 -1.740 0.412 0.124
0.000 -0.400 -0.500 -0.892 -0.081 -0.712
0.000 -0.400 -0.400 -0.970 -0.028 -0.712
0.000 -0.400 -0.300 -1.051 0.030 -0.698
0.000 -0.400 -0.200 -1.134 0.089 -0.666
0.000 -0.400 -0.100 -1.217 0.149 -0.615
0.000 -0.400 0.000 -1.298 0.207 -0.544
0.000 -0.400 0.100 -1.375 0.261 -0.452
0.000 -0.400 0.200 -1.445 0.307 -0.338
0.000 -0.400 0.300 -1.507 0.343 -0.204
0.000 -0.400 0.400 -1.557 0.365 -0.049
0.000 -0.400 0.500 -1.592 0.371 0.122
0.000 -0.300 -0.500 -0.853 -0.040 -0.665
0.000 -0.300 -0.400 -0.923 0.005 -0.661
0.000 -0.300 -0.300 -0.995 0.054 -0.644
0.000 -0.300 -0.200 -1.068 0.103 -0.611
0.000 -0.300 -0.100 -1.142 0.153 -0.561
0.000 -0.300 0.000 -1.212 0.200 -0.493
0.000 -0.300 0.100 -1.278 0.243 -0.406
0.000 -0.300 0.200 -1.339 0.280 -0.301
0.000 -0.300 0.300 -1.392 0.307 -0.178
0.000 -0.300 0.400 -1.434 0.321 -0.039
0.000 -0.300 0.500 -1.462 0.321 0.116
0.000 -0.200 -0.500 -0.816 -0.010 -0.625
0.000 -0.200 -0.400 -0.880 0.027 -0.619
0.000 -0.200 -0.300 -0.945 0.066 -0.599
0.000 -0.200 -0.200 -1.010 0.107 -0.566
0.000 -0.200 -0.100 -1.075 0.146 -0.517
0.000 -0.200 0.000 -1.137 0.184 -0.452
0.000 -0.200 0.100 -1.195 0.217 -0.371
0.000 -0.200 0.200 -1.248 0.244 -0.274
0.000 -0.200 0.300 -1.293 0.262 -0.161
0.000 -0.200 0.400 -1.328 0.270 -0.034
0.000 -0.200 0.500 -1.353 0.265 0.105
0.000 -0.100 -0.500 -0.783 0.011 -0.593
0.000 -0.100 -0.400 -0.841 0.040 -0.584
0.000 -0.100 -0.300 -0.900 0.071 -0.564
0.000 -0.100 -0.200 -0.959 0.102 -0.530
0.000 -0.100 -0.100 -1.018 0.132 -0.483
0.000 -0.100 0.000 -1.073 0.160 -0.421
0.000 -0.100 0.100 -1.125 0.184 -0.345
0.000 -0.100 0.200 -1.172 0.202 -0.255
0.000 -0.100 0.300 -1.211 0.213 -0.151
0.000 -0.100 0.400 -1.241 0.215 -0.035
0.000 -0.100 0.500 -1.263 0.206 0.091
0.000 0.000 -0.500 -0.752 0.025 -0.568
0.000 0.000 -0.400 -0.807 0.046 -0.559
0.000 0.000 -0.300 -0.862 0.069 -0.537
0.000 0.000 -0.200 -0.917 0.091 -0.504
0.000 0.000 -0.100 -0.970 0.112 -0.458
0.000 0.000 0.000 -1.021 0.131 -0.399
0.000 0.000 0.100 -1.068 0.147 -0.328
0.000 0.000 0.200 -1.110 0.157 -0.243
0.000 0.000 0.300 -1.146 0.162 -0.147
0.000 0.000 0.400 -1.173 0.158 -0.041
0.000 0.000 0.500 -1.191 0.146 0.074
0.000 0.100 -0.500 -0.727 0.034 -0.551
0.000 0.100 -0.400 -0.778 0.048 -0.540
0.000 0.100 -0.300 -0.831 0.062 -0.519
0.000 0.100 -0.200 -0.882 0.076 -0.486
0.000 0.100 -0.100 -0.932 0.089 -0.442
0.000 0.100 0.000 -0.980 0.100 -0.386
0.000 0.100 0.100 -1.024 0.108 -0.318
0.000 0.100 0.200 -1.063 0.111 -0.239
0.000 0.100 0.300 -1.096 0.109 -0.149
0.000 0.100 0.400 -1.122 0.101 -0.050
0.000 0.100 0.500 -1.140 0.086 0.056
0.000 0.200 -0.500 -0.705 0.038 -0.541
0.000 0.200 -0.400 -0.755 0.046 -0.529
0.000 0.200 -0.300 -0.806 0.053 -0.508
0.000 0.200 -0.200 -0.856 0.060 -0.477
0.000 0.200 -0.100 -0.904 0.065 -0.434
0.000 0.200 0.000 -0.951 0.068 -0.380
0.000 0.200 0.100 -0.993 0.069 -0.316
0.000 0.200 0.200 -1.030 0.066 -0.241
0.000 0.200 0.300 -1.062 0.059 -0.156
0.000 0.200 0.400 -1.087 0.046 -0.064
0.000 0.200 0.500 -1.104 0.029 0.036
0.000 0.300 -0.500 -0.688 0.041 -0.537
0.000 0.300 -0.400 -0.738 0.042 -0.525
0.000 0.300 -0.300 -0.788 0.043 -0.504
0.000 0.300 -0.200 -0.838 0.043 -0.474
0.000 0.300 -0.100 -0.886 0.041 -0.433
0.000 0.300 0.000 -0.932 0.037 -0.382
0.000 0.300 0.100 -0.975 0.031 -0.320
0.000 0.300 0.200 -1.012 0.023 -0.249
0.000 0.300 0.300 -1.044 0.011 -0.168
0.000 0.300 0.400 -1.068 -0.005 -0.080
0.000 0.300 0.500 -1.086 -0.025 0.014
0.000 0.400 -0.500 -0.676 0.043 -0.538
0.000 0.400 -0.400 -0.726 0.039 -0.527
0.000 0.400 -0.300 -0.777 0.034 -0.507
0.000 0.400 -0.200 -0.828 0.027 -0.478
0.000 0.400 -0.100 -0.877 0.019 -0.439
0.000 0.400 0.000 -0.924 0.009 -0.390
0.000 0.400 0.100 -0.967 -0.003 -0.330
0.000 0.400 0.200 -1.006 -0.017 -0.261
0.000 0.400 0.300 -1.039 -0.033 -0.184
0.000 0.400 0.400 -1.065 -0.052 -0.099
0.000 0.400 0.500 -1.083 -0.073 -0.009
0.000 0.500 -0.500 -0.667 0.046 -0.545
0.000 0.500 -0.400 -0.719 0.037 -0.535
0.000 0.500 -0.300 -0.772 0.026 -0.516
0.000 0.500 -0.200 -0.825 0.014 -0.488
0.000 0.500 -0.100 -0.876 0.001 -0.451
0.000 0.500 0.000 -0.926 -0.015 -0.403
0.000 0.500 0.100 -0.972 -0.031 -0.345
0.000 0.500 0.200 -1.013 -0.050 -0.279
0.000 0.500 0.300 -1.048 -0.070 -0.203
0.000 0.500 0.400 -1.075 -0.092 -0.120
0.000 0.500 0.500 -1.095 -0.115 -0.032
0.100 -0.500 -0.500 -0.978 -0.091 -0.856
0.100 -0.500 -0.400 -1.072 -0.019 -0.866
0.100 -0.500 -0.300 -1.172 0.060 -0.859
0.100 -0.500 -0.200 -1.276 0.142 -0.831
0.100 -0.500 -0.100 -1.383 0.227 -0.780
0.100 -0.500 0.000 -1.489 0.311 -0.705
0.100 -0.500 0.100 -1.593 0.391 -0.602
0.100 -0.500 0.200 -1.689 0.463 -0.470
0.100 -0.500 0.300 -1.776 0.523 -0.312
0.100 -0.500 0.400 -1.850 0.566 -0.126
0.100 -0.500 0.500 -1.905 0.588 0.084
0.100 -0.400 -0.500 -0.929 -0.038 -0.791
0.100 -0.400 -0.400 -1.013 0.025 -0.795
0.100 -0.400 -0.300 -1.101 0.093 -0.784
0.100 -0.400 -0.200 -1.191 0.164 -0.753
0.100 -0.400 -0.100 -1.283 0.236 -0.702
0.100 -0.400 0.000 -1.375 0.306 -0.628
0.100 -0.400 0.100 -1.463 0.373 -0.531
0.100 -0.400 0.200 -1.544 0.432 -0.410
0.100 -0.400 0.300 -1.617 0.479 -0.265
0.100 -0.400 0.400 -1.678 0.512 -0.097
0.100 -0.400 0.500 -1.723 0.525 0.090
0.100 -0.300 -0.500 -0.882 0.001 -0.735
0.100 -0.300 -0.400 -0.957 0.055 -0.735
0.100 -0.300 -0.300 -1.035 0.111 -0.720
0.100 -0.300 -0.200 -1.114 0.171 -0.688
0.100 -0.300 -0.100 -1.194 0.230 -0.637
0.100 -0.300 0.000 -1.273 0.288 -0.566
0.100 -0.300 0.100 -1.349 0.341 -0.475
0.100 -0.300 0.200 -1.417 0.388 -0.362
0.100 -0.300 0.300 -1.479 0.424 -0.230
0.100 -0.300 0.400 -1.528 0.447 -0.078
0.100 -0.300 0.500 -1.565 0.452 0.089
0.100 -0.200 -0.500 -0.839 0.028 -0.689
0.100 -0.200 -0.400 -0.906 0.072 -0.685
0.100 -0.200 -0.300 -0.976 0.118 -0.667
0.100 -0.200 -0.200 -1.046 0.166 -0.634
0.100 -0.200 -0.100 -1.116 0.213 -0.584
0.100 -0.200 0.000 -1.186 0.259 -0.516
0.100 -0.200 0.100 -1.250 0.300 -0.430
0.100 -0.200 0.200 -1.310 0.335 -0.326
0.100 -0.200 0.300 -1.361 0.361 -0.205
0.100 -0.200 0.400 -1.403 0.375 -0.068
0.100 -0.200 0.500 -1.435 0.374 0.083
0.100 -0.100 -0.500 -0.799 0.045 -0.652
0.100 -0.100 -0.400 -0.861 0.079 -0.645
0.100 -0.100 -0.300 -0.924 0.115 -0.625
0.100 -0.100 -0.200 -0.988 0.152 -0.592
0.100 -0.100 -0.100 -1.051 0.188 -0.543
0.100 -0.100 0.000 -1.111 0.222 -0.478
0.100 -0.100 0.100 -1.169 0.252 -0.397
0.100 -0.100 0.200 -1.221 0.277 -0.301
0.100 -0.100 0.300 -1.266 0.293 -0.189
0.100 -0.100 0.400 -1.302 0.299 -0.064
0.100 -0.100 0.500 -1.328 0.293 0.073
0.100 0.000 -0.500 -0.765 0.055 -0.624
0.100 0.000 -0.400 -0.822 0.080 -0.615
0.100 0.000 -0.300 -0.880 0.106 -0.594
0.100 0.000 -0.200 -0.939 0.132 -0.561
0.100 0.000 -0.100 -0.997 0.158 -0.513
0.100 0.000 0.000 -1.052 0.181 -0.451
0.100 0.000 0.100 -1.104 0.201 -0.375
0.100 0.000 0.200 -1.150 0.215 -0.284
0.100 0.000 0.300 -1.190 0.223 -0.181
0.100 0.000 0.400 -1.222 0.223 -0.066
0.100 0.000 0.500 -1.245 0.212 0.058
0.100 0.100 -0.500 -0.736 0.059 -0.604
0.100 0.100 -0.400 -0.791 0.075 -0.594
0.100 0.100 -0.300 -0.845 0.092 -0.572
0.100 0.100 -0.200 -0.900 0.108 -0.539
0.100 0.100 -0.100 -0.955 0.124 -0.493
0.100 0.100 0.000 -1.006 0.137 -0.434
0.100 0.100 0.100 -1.054 0.147 -0.362
0.100 0.100 0.200 -1.098 0.153 -0.277
0.100 0.100 0.300 -1.134 0.153 -0.181
0.100 0.100 0.400 -1.164 0.147 -0.074
0.100 0.100 0.500 -1.185 0.133 0.041
0.100 0.200 -0.500 -0.713 0.058 -0.591
0.100 0.200 -0.400 -0.765 0.067 -0.581
0.100 0.200 -0.300 -0.819 0.075 -0.560
0.100 0.200 -0.200 -0.872 0.083 -0.528
0.100 0.200 -0.100 -0.924 0.089 -0.483
0.100 0.200 0.000 -0.974 0.093 -0.427
0.100 0.200 0.100 -1.021 0.094 -0.358
0.100 0.200 0.200 -1.062 0.092 -0.278
0.100 0.200 0.300 -1.098 0.086 -0.187
0.100 0.200 0.400 -1.125 0.074 -0.086
0.100 0.200 0.500 -1.146 0.056 0.021
0.100 0.300 -0.500 -0.695 0.056 -0.587
0.100 0.300 -0.400 -0.747 0.057 -0.577
0.100 0.300 -0.300 -0.800 0.057 -0.556
0.100 0.300 -0.200 -0.853 0.057 -0.525
0.100 0.300 -0.100 -0.905 0.054 -0.482
0.100 0.300 0.000 -0.955 0.050 -0.428
0.100 0.300 0.100 -1.001 0.044 -0.362
0.100 0.300 0.200 -1.043 0.034 -0.285
0.100 0.300 0.300 -1.078 0.022 -0.198
0.100 0.300 0.400 -1.106 0.005 -0.103
0.100 0.300 0.500 -1.126 -0.015 -0.000
0.100 0.400 -0.500 -0.682 0.054 -0.589
0.100 0.400 -0.400 -0.735 0.048 -0.580
0.100 0.400 -0.300 -0.790 0.041 -0.560
0.100 0.400 -0.200 -0.844 0.033 -0.530
0.100 0.400 -0.100 -0.897 0.023 -0.490
0.100 0.400 0.000 -0.949 0.011 -0.437
0.100 0.400 0.100 -0.997 -0.003 -0.374
0.100 0.400 0.200 -1.040 -0.019 -0.299
0.100 0.400 0.300 -1.076 -0.037 -0.215
0.100 0.400 0.400 -1.105 -0.058 -0.123
0.100 0.400 0.500 -1.127 -0.080 -0.024
0.100 0.500 -0.500 -0.674 0.052 -0.598
0.100 0.500 -0.400 -0.729 0.040 -0.589
0.100 0.500 -0.300 -0.786 0.027 -0.571
0.100 0.500 -0.200 -0.843 0.012 -0.543
0.100 0.500 -0.100 -0.900 -0.005 -0.504
0.100 0.500 0.000 -0.954 -0.023 -0.454
0.100 0.500 0.100 -1.005 -0.044 -0.392
0.100 0.500 0.200 -1.051 -0.065 -0.319
0.100 0.500 0.300 -1.091 -0.089 -0.237
0.100 0.500 0.400 -1.123 -0.113 -0.146
0.100 0.500 0.500 -1.146 -0.138 -0.049
0.200 -0.500 -0.500 -1.018 -0.037 -0.950
0.200 -0.500 -0.400 -1.118 0.048 -0.967
0.200 -0.500 -0.300 -1.227 0.140 -0.966
0.200 -0.500 -0.200 -1.340 0.239 -0.942
0.200 -0.500 -0.100 -1.458 0.340 -0.893
0.200 -0.500 0.000 -1.577 0.443 -0.816
0.200 -0.500 0.100 -1.694 0.542 -0.709
0.200 -0.500 0.200 -1.807 0.632 -0.571
0.200 -0.500 0.300 -1.908 0.710 -0.400
0.200 -0.500 0.400 -1.997 0.770 -0.198
0.200 -0.500 0.500 -2.066 0.804 0.032
0.200 -0.400 -0.500 -0.959 0.015 -0.875
0.200 -0.400 -0.400 -1.048 0.088 -0.885
0.200 -0.400 -0.300 -1.143 0.168 -0.877
0.200 -0.400 -0.200 -1.240 0.252 -0.849
0.200 -0.400 -0.100 -1.341 0.338 -0.799
0.200 -0.400 0.000 -1.442 0.424 -0.724
0.200 -0.400 0.100 -1.541 0.506 -0.622
0.200 -0.400 0.200 -1.634 0.580 -0.494
0.200 -0.400 0.300 -1.718 0.642 -0.338
0.200 -0.400 0.400 -1.790 0.688 -0.156
0.200 -0.400 0.500 -1.846 0.711 0.048
0.200 -0.300 -0.500 -0.904 0.050 -0.811
0.200 -0.300 -0.400 -0.983 0.112 -0.814
0.200 -0.300 -0.300 -1.065 0.179 -0.802
0.200 -0.300 -0.200 -1.151 0.249 -0.771
0.200 -0.300 -0.100 -1.237 0.320 -0.720
0.200 -0.300 0.000 -1.324 0.390 -0.647
0.200 -0.300 0.100 -1.407 0.456 -0.551
0.200 -0.300 0.200 -1.485 0.515 -0.432
0.200 -0.300 0.300 -1.555 0.562 -0.290
0.200 -0.300 0.400 -1.613 0.595 -0.127
0.200 -0.300 0.500 -1.659 0.609 0.056
0.200 -0.200 -0.500 -0.854 0.073 -0.756
0.200 -0.200 -0.400 -0.924 0.123 -0.755
0.200 -0.200 -0.300 -0.998 0.177 -0.740
0.200 -0.200 -0.200 -1.073 0.234 -0.707
0.200 -0.200 -0.100 -1.148 0.290 -0.656
0.200 -0.200 0.000 -1.223 0.345 -0.586
0.200 -0.200 0.100 -1.294 0.396 -0.496
0.200 -0.200 0.200 -1.360 0.441 -0.385
0.200 -0.200 0.300 -1.419 0.475 -0.256
0.200 -0.200 0.400 -1.468 0.497 -0.108
0.200 -0.200 0.500 -1.505 0.503 0.056
0.200 -0.100 -0.500 -0.809 0.085 -0.713
0.200 -0.100 -0.400 -0.873 0.124 -0.709
0.200 -0.100 -0.300 -0.939 0.166 -0.691
0.200 -0.100 -0.200 -1.007 0.209 -0.657
0.200 -0.100 -0.100 -1.073 0.252 -0.607
0.200 -0.100 0.000 -1.139 0.293 -0.540
0.200 -0.100 0.100 -1.201 0.331 -0.455
0.200 -0.100 0.200 -1.258 0.362 -0.352
0.200 -0.100 0.300 -1.309 0.385 -0.232
0.200 -0.100 0.400 -1.350 0.396 -0.098
0.200 -0.100 0.500 -1.381 0.395 0.049
0.200 0.000 -0.500 -0.771 0.088 -0.681
0.200 0.000 -0.400 -0.830 0.117 -0.674
0.200 0.000 -0.300 -0.891 0.147 -0.654
0.200 0.000 -0.200 -0.952 0.178 -0.620
0.200 0.000 -0.100 -1.013 0.208 -0.571
0.200 0.000 0.000 -1.072 0.236 -0.507
0.200 0.000 0.100 -1.128 0.261 -0.426
0.200 0.000 0.200 -1.179 0.280 -0.330
0.200 0.000 0.300 -1.223 0.293 -0.220
0.200 0.000 0.400 -1.259 0.296 -0.096
0.200 0.000 0.500 -1.286 0.289 0.038
0.200 0.100 -0.500 -0.739 0.086 -0.658
0.200 0.100 -0.400 -0.795 0.105 -0.649
0.200 0.100 -0.300 -0.852 0.124 -0.629
0.200 0.100 -0.200 -0.910 0.143 -0.596
0.200 0.100 -0.100 -0.967 0.161 -0.548
0.200 0.100 0.000 -1.021 0.178 -0.486
0.200 0.100 0.100 -1.073 0.191 -0.410
0.200 0.100 0.200 -1.120 0.199 -0.319
0.200 0.100 0.300 -1.161 0.202 -0.216
0.200 0.100 0.400 -1.193 0.198 -0.101
0.200 0.100 0.500 -1.218 0.185 0.023
0.200 0.200 -0.500 -0.713 0.080 -0.645
0.200 0.200 -0.400 -0.768 0.089 -0.635
0.200 0.200 -0.300 -0.823 0.098 -0.615
0.200 0.200 -0.200 -0.879 0.107 -0.582
0.200 0.200 -0.100 -0.935 0.114 -0.536
0.200 0.200 0.000 -0.988 0.119 -0.477
0.200 0.200 0.100 -1.037 0.121 -0.404
0.200 0.200 0.200 -1.082 0.120 -0.318
0.200 0.200 0.300 -1.121 0.114 -0.220
0.200 0.200 0.400 -1.152 0.103 -0.112
0.200 0.200 0.500 -1.176 0.086 0.004
0.200 0.300 -0.500 -0.694 0.072 -0.640
0.200 0.300 -0.400 -0.749 0.072 -0.631
0.200 0.300 -0.300 -0.804 0.072 -0.611
0.200 0.300 -0.200 -0.860 0.070 -0.580
0.200 0.300 -0.100 -0.916 0.067 -0.535
0.200 0.300 0.000 -0.969 0.062 -0.478
0.200 0.300 0.100 -1.019 0.055 -0.408
0.200 0.300 0.200 -1.063 0.044 -0.326
0.200 0.300 0.300 -1.103 0.031 -0.232
0.200 0.300 0.400 -1.134 0.014 -0.128
0.200 0.300 0.500 -1.157 -0.007 -0.017
0.200 0.400 -0.500 -0.681 0.064 -0.643
0.200 0.400 -0.400 -0.737 0.056 -0.635
0.200 0.400 -0.300 -0.794 0.047 -0.616
0.200 0.400 -0.200 -0.853 0.036 -0.586
0.200 0.400 -0.100 -0.910 0.024 -0.544
0.200 0.400 0.000 -0.965 0.009 -0.489
0.200 0.400 0.100 -1.017 -0.007 -0.422
0.200 0.400 0.200 -1.064 -0.026 -0.342
0.200 0.400 0.300 -1.104 -0.046 -0.250
0.200 0.400 0.400 -1.138 -0.069 -0.150
0.200 0.400 0.500 -1.161 -0.093 -0.041
0.200 0.500 -0.500 -0.674 0.057 -0.654
0.200 0.500 -0.400 -0.733 0.042 -0.647
0.200 0.500 -0.300 -0.793 0.026 -0.630
0.200 0.500 -0.200 -0.854 0.007 -0.602
0.200 0.500 -0.100 -0.916 -0.014 -0.562
0.200 0.500 0.000 -0.975 -0.037 -0.509
0.200 0.500 0.100 -1.031 -0.062 -0.443
0.200 0.500 0.200 -1.082 -0.088 -0.365
0.200 0.500 0.300 -1.127 -0.115 -0.275
0.200 0.500 0.400 -1.162 -0.142 -0.175
0.200 0.500 0.500 -1.188 -0.170 -0.068
0.300 -0.500 -0.500 -1.047 0.028 -1.050
0.300 -0.500 -0.400 -1.154 0.127 -1.075
0.300 -0.500 -0.300 -1.269 0.235 -1.081
0.300 -0.500 -0.200 -1.392 0.351 -1.062
0.300 -0.500 -0.100 -1.520 0.473 -1.018
0.300 -0.500 0.000 -1.650 0.597 -0.942
0.300 -0.500 0.100 -1.782 0.719 -0.832
0.300 -0.500 0.200 -1.909 0.833 -0.687
0.300 -0.500 0.300 -2.027 0.933 -0.503
0.300 -0.500 0.400 -2.131 1.013 -0.285
0.300 -0.500 0.500 -2.215 1.065 -0.033
0.300 -0.400 -0.500 -0.979 0.076 -0.963
0.300 -0.400 -0.400 -1.072 0.161 -0.979
0.300 -0.400 -0.300 -1.172 0.254 -0.977
0.300 -0.400 -0.200 -1.276 0.353 -0.953
0.300 -0.400 -0.100 -1.385 0.456 -0.904
0.300 -0.400 0.000 -1.495 0.560 -0.829
0.300 -0.400 0.100 -1.604 0.661 -0.724
0.300 -0.400 0.200 -1.708 0.753 -0.588
0.300 -0.400 0.300 -1.803 0.833 -0.422
0.300 -0.400 0.400 -1.887 0.895 -0.226
0.300 -0.400 0.500 -1.953 0.933 -0.004
0.300 -0.300 -0.500 -0.917 0.107 -0.888
0.300 -0.300 -0.400 -0.998 0.178 -0.897
0.300 -0.300 -0.300 -1.085 0.256 -0.888
0.300 -0.300 -0.200 -1.175 0.338 -0.860
0.300 -0.300 -0.100 -1.268 0.423 -0.810
0.300 -0.300 0.000 -1.360 0.507 -0.736
0.300 -0.300 0.100 -1.451 0.588 -0.636
0.300 -0.300 0.200 -1.536 0.661 -0.511
0.300 -0.300 0.300 -1.614 0.723 -0.359
0.300 -0.300 0.400 -1.682 0.769 -0.183
0.300 -0.300 0.500 -1.735 0.793 0.014
0.300 -0.200 -0.500 -0.859 0.123 -0.827
0.300 -0.200 -0.400 -0.932 0.182 -0.829
0.300 -0.200 -0.300 -1.009 0.244 -0.816
0.300 -0.200 -0.200 -1.087 0.310 -0.785
0.300 -0.200 -0.100 -1.167 0.377 -0.734
0.300 -0.200 0.000 -1.246 0.443 -0.662
0.300 -0.200 0.100 -1.323 0.506 -0.568
0.300 -0.200 0.200 -1.395 0.562 -0.451
0.300 -0.200 0.300 -1.459 0.606 -0.313
0.300 -0.200 0.400 -1.515 0.638 -0.154
0.300 -0.200 0.500 -1.558 0.651 0.022
0.300 -0.100 -0.500 -0.810 0.129 -0.777
0.300 -0.100 -0.400 -0.875 0.174 -0.775
0.300 -0.100 -0.300 -0.944 0.222 -0.759
0.300 -0.100 -0.200 -1.014 0.272 -0.726
0.300 -0.100 -0.100 -1.084 0.323 -0.675
0.300 -0.100 0.000 -1.153 0.373 -0.606
0.300 -0.100 0.100 -1.219 0.418 -0.517
0.300 -0.100 0.200 -1.280 0.458 -0.408
0.300 -0.100 0.300 -1.335 0.488 -0.281
0.300 -0.100 0.400 -1.381 0.507 -0.137
0.300 -0.100 0.500 -1.417 0.511 0.022
0.300 0.000 -0.500 -0.767 0.125 -0.740
0.300 0.000 -0.400 -0.828 0.158 -0.735
0.300 0.000 -0.300 -0.891 0.193 -0.716
0.300 0.000 -0.200 -0.954 0.229 -0.683
0.300 0.000 -0.100 -1.018 0.264 -0.633
0.300 0.000 0.000 -1.079 0.298 -0.566
0.300 0.000 0.100 -1.139 0.328 -0.481
0.300 0.000 0.200 -1.192 0.353 -0.380
0.300 0.000 0.300 -1.240 0.370 -0.262
0.300 0.000 0.400 -1.280 0.378 -0.130
0.300 0.000 0.500 -1.311 0.375 0.015
0.300 0.100 -0.500 -0.732 0.116 -0.714
0.300 0.100 -0.400 -0.790 0.137 -0.707
0.300 0.100 -0.300 -0.849 0.159 -0.688
0.300 0.100 -0.200 -0.908 0.181 -0.654
0.300 0.100 -0.100 -0.968 0.202 -0.605
0.300 0.100 0.000 -1.025 0.221 -0.541
0.300 0.100 0.100 -1.080 0.237 -0.461
0.300 0.100 0.200 -1.129 0.249 -0.365
0.300 0.100 0.300 -1.173 0.254 -0.254
0.300 0.100 0.400 -1.209 0.253 -0.131
0.300 0.100 0.500 -1.235 0.243 0.002
0.300 0.200 -0.500 -0.705 0.103 -0.699
0.300 0.200 -0.400 -0.761 0.113 -0.691
0.300 0.200 -0.300 -0.818 0.123 -0.672
0.300 0.200 -0.200 -0.876 0.132 -0.639
0.300 0.200 -0.100 -0.934 0.140 -0.592
0.300 0.200 0.000 -0.989 0.146 -0.530
0.300 0.200 0.100 -1.042 0.149 -0.453
0.300 0.200 0.200 -1.090 0.148 -0.362
0.300 0.200 0.300 -1.131 0.143 -0.257
0.300 0.200 0.400 -1.165 0.133 -0.141
0.300 0.200 0.500 -1.190 0.117 -0.015
0.300 0.300 -0.500 -0.685 0.088 -0.694
0.300 0.300 -0.400 -0.741 0.088 -0.687
0.300 0.300 -0.300 -0.799 0.086 -0.668
0.300 0.300 -0.200 -0.857 0.083 -0.637
0.300 0.300 -0.100 -0.915 0.079 -0.591
0.300 0.300 0.000 -0.971 0.073 -0.532
0.300 0.300 0.100 -1.024 0.064 -0.458
0.300 0.300 0.200 -1.072 0.052 -0.370
0.300 0.300 0.300 -1.114 0.037 -0.269
0.300 0.300 0.400 -1.148 0.019 -0.157
0.300 0.300 0.500 -1.174 -0.002 -0.036
0.300 0.400 -0.500 -0.672 0.073 -0.699
0.300 0.400 -0.400 -0.730 0.063 -0.693
0.300 0.400 -0.300 -0.790 0.052 -0.676
0.300 0.400 -0.200 -0.851 0.038 -0.646
0.300 0.400 -0.100 -0.912 0.022 -0.603
0.300 0.400 0.000 -0.971 0.004 -0.545
0.300 0.400 0.100 -1.026 -0.016 -0.473
0.300 0.400 0.200 -1.077 -0.038 -0.388
0.300 0.400 0.300 -1.122 -0.062 -0.289
0.300 0.400 0.400 -1.157 -0.087 -0.180
0.300 0.400 0.500 -1.185 -0.113 -0.061
0.300 0.500 -0.500 -0.667 0.060 -0.712
0.300 0.500 -0.400 -0.728 0.042 -0.708
0.300 0.500 -0.300 -0.792 0.021 -0.693
0.300 0.500 -0.200 -0.856 -0.003 -0.666
0.300 0.500 -0.100 -0.922 -0.029 -0.625
0.300 0.500 0.000 -0.986 -0.057 -0.569
0.300 0.500 0.100 -1.047 -0.088 -0.500
0.300 0.500 0.200 -1.104 -0.120 -0.415
0.300 0.500 0.300 -1.152 -0.152 -0.317
0.300 0.500 0.400 -1.192 -0.183 -0.208
0.300 0.500 0.500 -1.221 -0.214 -0.090
0.400 -0.500 -0.500 -1.064 0.103 -1.154
0.400 -0.500 -0.400 -1.175 0.217 -1.188
0.400 -0.500 -0.300 -1.295 0.344 -1.203
0.400 -0.500 -0.200 -1.425 0.480 -1.192
0.400 -0.500 -0.100 -1.562 0.625 -1.153
0.400 -0.500 0.000 -1.704 0.774 -1.080
0.400 -0.500 0.100 -1.849 0.924 -0.969
0.400 -0.500 0.200 -1.990 1.066 -0.817
0.400 -0.500 0.300 -2.123 1.194 -0.623
0.400 -0.500 0.400 -2.242 1.300 -0.387
0.400 -0.500 0.500 -2.340 1.374 -0.113
0.400 -0.400 -0.500 -0.987 0.146 -1.054
0.400 -0.400 -0.400 -1.083 0.244 -1.077
0.400 -0.400 -0.300 -1.186 0.352 -1.081
0.400 -0.400 -0.200 -1.296 0.468 -1.062
0.400 -0.400 -0.100 -1.410 0.590 -1.018
0.400 -0.400 0.000 -1.528 0.714 -0.943
0.400 -0.400 0.100 -1.646 0.837 -0.836
0.400 -0.400 0.200 -1.760 0.952 -0.694
0.400 -0.400 0.300 -1.866 1.054 -0.518
0.400 -0.400 0.400 -1.960 1.136 -0.307
0.400 -0.400 0.500 -2.037 1.190 -0.066
0.400 -0.300 -0.500 -0.917 0.170 -0.968
0.400 -0.300 -0.400 -1.000 0.252 -0.982
0.400 -0.300 -0.300 -1.089 0.342 -0.979
0.400 -0.300 -0.200 -1.183 0.438 -0.954
0.400 -0.300 -0.100 -1.279 0.538 -0.905
0.400 -0.300 0.000 -1.377 0.638 -0.831
0.400 -0.300 0.100 -1.475 0.736 -0.729
0.400 -0.300 0.200 -1.566 0.827 -0.597
0.400 -0.300 0.300 -1.652 0.905 -0.436
0.400 -0.300 0.400 -1.727 0.966 -0.248
0.400 -0.300 0.500 -1.787 1.004 -0.035
0.400 -0.200 -0.500 -0.854 0.179 -0.897
0.400 -0.200 -0.400 -0.928 0.246 -0.904
0.400 -0.200 -0.300 -1.006 0.318 -0.895
0.400 -0.200 -0.200 -1.086 0.395 -0.866
0.400 -0.200 -0.100 -1.169 0.473 -0.815
0.400 -0.200 0.000 -1.252 0.552 -0.742
0.400 -0.200 0.100 -1.332 0.627 -0.645
0.400 -0.200 0.200 -1.409 0.696 -0.522
0.400 -0.200 0.300 -1.479 0.754 -0.375
0.400 -0.200 0.400 -1.539 0.796 -0.206
0.400 -0.200 0.500 -1.587 0.819 -0.017
0.400 -0.100 -0.500 -0.800 0.177 -0.841
0.400 -0.100 -0.400 -0.866 0.228 -0.843
0.400 -0.100 -0.300 -0.935 0.284 -0.829
0.400 -0.100 -0.200 -1.006 0.342 -0.797
0.400 -0.100 -0.100 -1.078 0.401 -0.747
0.400 -0.100 0.000 -1.149 0.459 -0.675
0.400 -0.100 0.100 -1.219 0.514 -0.583
0.400 -0.100 0.200 -1.283 0.563 -0.468
0.400 -0.100 0.300 -1.342 0.603 -0.333
0.400 -0.100 0.400 -1.392 0.629 -0.180
0.400 -0.100 0.500 -1.431 0.641 -0.010
0.400 0.000 -0.500 -0.753 0.166 -0.799
0.400 0.000 -0.400 -0.814 0.203 -0.797
0.400 0.000 -0.300 -0.877 0.242 -0.780
0.400 0.000 -0.200 -0.942 0.283 -0.747
0.400 0.000 -0.100 -1.007 0.324 -0.697
0.400 0.000 0.000 -1.070 0.364 -0.628
0.400 0.000 0.100 -1.132 0.400 -0.540
0.400 0.000 0.200 -1.188 0.431 -0.432
0.400 0.000 0.300 -1.238 0.454 -0.307
0.400 0.000 0.400 -1.281 0.468 -0.166
0.400 0.000 0.500 -1.313 0.469 -0.012
0.400 0.100 -0.500 -0.716 0.148 -0.770
0.400 0.100 -0.400 -0.774 0.172 -0.766
0.400 0.100 -0.300 -0.833 0.196 -0.748
0.400 0.100 -0.200 -0.894 0.221 -0.714
0.400 0.100 -0.100 -0.954 0.245 -0.665
0.400 0.100 0.000 -1.013 0.267 -0.598
0.400 0.100 0.100 -1.069 0.287 -0.514
0.400 0.100 0.200 -1.121 0.301 -0.413
0.400 0.100 0.300 -1.167 0.310 -0.295
0.400 0.100 0.400 -1.205 0.312 -0.164
0.400 0.100 0.500 -1.233 0.304 -0.021
0.400 0.200 -0.500 -0.688 0.127 -0.754
0.400 0.200 -0.400 -0.744 0.137 -0.749
0.400 0.200 -0.300 -0.802 0.148 -0.730
0.400 0.200 -0.200 -0.860 0.158 -0.698
0.400 0.200 -0.100 -0.919 0.166 -0.649
0.400 0.200 0.000 -0.977 0.172 -0.585
0.400 0.200 0.100 -1.030 0.176 -0.504
0.400 0.200 0.200 -1.080 0.176 -0.408
0.400 0.200 0.300 -1.124 0.172 -0.296
0.400 0.200 0.400 -1.160 0.162 -0.171
0.400 0.200 0.500 -1.188 0.147 -0.037
0.400 0.300 -0.500 -0.667 0.104 -0.750
0.400 0.300 -0.400 -0.724 0.103 -0.745
0.400 0.300 -0.300 -0.782 0.100 -0.727
0.400 0.300 -0.200 -0.842 0.096 -0.696
0.400 0.300 -0.100 -0.901 0.089 -0.649
0.400 0.300 0.000 -0.960 0.081 -0.587
0.400 0.300 0.100 -1.015 0.070 -0.510
0.400 0.300 0.200 -1.065 0.056 -0.416
0.400 0.300 0.300 -1.109 0.040 -0.308
0.400 0.300 0.400 -1.146 0.021 -0.188
0.400 0.300 0.500 -1.173 -0.001 -0.058
0.400 0.400 -0.500 -0.654 0.082 -0.756
0.400 0.400 -0.400 -0.713 0.069 -0.752
0.400 0.400 -0.300 -0.775 0.054 -0.737
0.400 0.400 -0.200 -0.837 0.037 -0.708
0.400 0.400 -0.100 -0.901 0.017 -0.664
0.400 0.400 0.000 -0.962 -0.006 -0.604
0.400 0.400 0.100 -1.021 -0.030 -0.529
0.400 0.400 0.200 -1.076 -0.057 -0.437
0.400 0.400 0.300 -1.123 -0.085 -0.331
0.400 0.400 0.400 -1.162 -0.113 -0.212
0.400 0.400 0.500 -1.190 -0.141 -0.084
0.400 0.500 -0.500 -0.649 0.062 -0.773
0.400 0.500 -0.400 -0.712 0.039 -0.772
0.400 0.500 -0.300 -0.779 0.013 -0.759
0.400 0.500 -0.200 -0.847 -0.016 -0.733
0.400 0.500 -0.100 -0.916 -0.049 -0.692
0.400 0.500 0.000 -0.984 -0.085 -0.635
0.400 0.500 0.100 -1.050 -0.122 -0.561
0.400 0.500 0.200 -1.110 -0.161 -0.470
0.400 0.500 0.300 -1.164 -0.200 -0.364
0.400 0.500 0.400 -1.208 -0.237 -0.245
0.400 0.500 0.500 -1.240 -0.271 -0.114
0.500 -0.500 -0.500 -1.065 0.188 -1.260
0.500 -0.500 -0.400 -1.178 0.319 -1.306
0.500 -0.500 -0.300 -1.301 0.464 -1.330
0.500 -0.500 -0.200 -1.435 0.624 -1.329
0.500 -0.500 -0.100 -1.579 0.795 -1.298
0.500 -0.500 0.000 -1.730 0.975 -1.229
0.500 -0.500 0.100 -1.885 1.155 -1.119
0.500 -0.500 0.200 -2.039 1.332 -0.962
0.500 -0.500 0.300 -2.188 1.493 -0.758
0.500 -0.500 0.400 -2.320 1.631 -0.504
0.500 -0.500 0.500 -2.432 1.733 -0.206
0.500 -0.400 -0.500 -0.980 0.224 -1.146
0.500 -0.400 -0.400 -1.076 0.336 -1.177
0.500 -0.400 -0.300 -1.181 0.460 -1.188
0.500 -0.400 -0.200 -1.293 0.595 -1.177
0.500 -0.400 -0.100 -1.412 0.738 -1.137
0.500 -0.400 0.000 -1.535 0.886 -1.064
0.500 -0.400 0.100 -1.660 1.033 -0.957
0.500 -0.400 0.200 -1.782 1.175 -0.810
0.500 -0.400 0.300 -1.897 1.303 -0.623
0.500 -0.400 0.400 -2.000 1.408 -0.398
0.500 -0.400 0.500 -2.086 1.484 -0.137
0.500 -0.300 -0.500 -0.904 0.240 -1.049
0.500 -0.300 -0.400 -0.987 0.333 -1.068
0.500 -0.300 -0.300 -1.076 0.436 -1.070
0.500 -0.300 -0.200 -1.171 0.547 -1.050
0.500 -0.300 -0.100 -1.270 0.664 -1.005
0.500 -0.300 0.000 -1.371 0.782 -0.931
0.500 -0.300 0.100 -1.472 0.900 -0.826
0.500 -0.300 0.200 -1.569 1.011 -0.689
0.500 -0.300 0.300 -1.660 1.108 -0.520
0.500 -0.300 0.400 -1.741 1.188 -0.319
0.500 -0.300 0.500 -1.807 1.240 -0.090
0.500 -0.200 -0.500 -0.836 0.240 -0.969
0.500 -0.200 -0.400 -0.909 0.316 -0.980
0.500 -0.200 -0.300 -0.986 0.398 -0.974
0.500 -0.200 -0.200 -1.067 0.486 -0.948
0.500 -0.200 -0.100 -1.150 0.578 -0.899
0.500 -0.200 0.000 -1.235 0.670 -0.826
0.500 -0.200 0.100 -1.318 0.760 -0.726
0.500 -0.200 0.200 -1.397 0.843 -0.598
0.500 -0.200 0.300 -1.471 0.915 -0.443
0.500 -0.200 0.400 -1.534 0.971 -0.262
0.500 -0.200 0.500 -1.586 1.006 -0.060
0.500 -0.100 -0.500 -0.777 0.229 -0.905
0.500 -0.100 -0.400 -0.843 0.287 -0.910
0.500 -0.100 -0.300 -0.911 0.350 -0.899
0.500 -0.100 -0.200 -0.982 0.416 -0.869
0.500 -0.100 -0.100 -1.055 0.485 -0.819
0.500 -0.100 0.000 -1.126 0.553 -0.747
0.500 -0.100 0.100 -1.196 0.618 -0.651
0.500 -0.100 0.200 -1.263 0.677 -0.531
0.500 -0.100 0.300 -1.323 0.727 -0.389
0.500 -0.100 0.400 -1.375 0.763 -0.226
0.500 -0.100 0.500 -1.417 0.782 -0.044
0.500 0.000 -0.500 -0.729 0.209 -0.858
0.500 0.000 -0.400 -0.788 0.250 -0.859
0.500 0.000 -0.300 -0.851 0.294 -0.844
0.500 0.000 -0.200 -0.915 0.341 -0.812
0.500 0.000 -0.100 -0.979 0.388 -0.761
0.500 0.000 0.000 -1.043 0.434 -0.691
0.500 0.000 0.100 -1.104 0.476 -0.599
0.500 0.000 0.200 -1.162 0.514 -0.487
0.500 0.000 0.300 -1.214 0.544 -0.355
0.500 0.000 0.400 -1.258 0.563 -0.205
0.500 0.000 0.500 -1.292 0.570 -0.040
0.500 0.100 -0.500 -0.689 0.182 -0.826
0.500 0.100 -0.400 -0.746 0.208 -0.824
0.500 0.100 -0.300 -0.804 0.235 -0.808
0.500 0.100 -0.200 -0.864 0.262 -0.775
0.500 0.100 -0.100 -0.924 0.289 -0.725
0.500 0.100 0.000 -0.983 0.315 -0.656
0.500 0.100 0.100 -1.040 0.337 -0.569
0.500 0.100 0.200 -1.092 0.356 -0.462
0.500 0.100 0.300 -1.139 0.368 -0.338
0.500 0.100 0.400 -1.178 0.373 -0.198
0.500 0.100 0.500 -1.208 0.368 -0.046
0.500 0.200 -0.500 -0.659 0.152 -0.809
0.500 0.200 -0.400 -0.714 0.163 -0.806
0.500 0.200 -0.300 -0.771 0.173 -0.789
0.500 0.200 -0.200 -0.830 0.183 -0.757
0.500 0.200 -0.100 -0.889 0.192 -0.708
0.500 0.200 0.000 -0.946 0.198 -0.642
0.500 0.200 0.100 -1.001 0.202 -0.557
0.500 0.200 0.200 -1.052 0.203 -0.455
0.500 0.200 0.300 -1.097 0.199 -0.337
0.500 0.200 0.400 -1.134 0.191 -0.204
0.500 0.200 0.500 -1.161 0.177 -0.059
0.500 0.300 -0.500 -0.638 0.121 -0.805
0.500 0.300 -0.400 -0.694 0.118 -0.802
0.500 0.300 -0.300 -0.752 0.113 -0.787
0.500 0.300 -0.200 -0.812 0.106 -0.756
0.500 0.300 -0.100 -0.873 0.097 -0.709
0.500 0.300 0.000 -0.932 0.086 -0.645
0.500 0.300 0.100 -0.988 0.072 -0.563
0.500 0.300 0.200 -1.040 0.056 -0.465
0.500 0.300 0.300 -1.086 0.038 -0.350
0.500 0.300 0.400 -1.123 0.017 -0.220
0.500 0.300 0.500 -1.151 -0.006 -0.080
0.500 0.400 -0.500 -0.625 0.091 -0.814
0.500 0.400 -0.400 -0.685 0.074 -0.813
0.500 0.400 -0.300 -0.747 0.055 -0.800
0.500 0.400 -0.200 -0.811 0.033 -0.772
0.500 0.400 -0.100 -0.875 0.007 -0.728
0.500 0.400 0.000 -0.938 -0.021 -0.667
0.500 0.400 0.100 -1.000 -0.051 -0.587
0.500 0.400 0.200 -1.057 -0.083 -0.490
0.500 0.400 0.300 -1.106 -0.116 -0.376
0.500 0.400 0.400 -1.147 -0.149 -0.247
0.500 0.400 0.500 -1.177 -0.180 -0.107
0.500 0.500 -0.500 -0.622 0.063 -0.835
0.500 0.500 -0.400 -0.686 0.035 -0.837
0.500 0.500 -0.300 -0.753 0.002 -0.828
0.500 0.500 -0.200 -0.824 -0.035 -0.803
0.500 0.500 -0.100 -0.896 -0.075 -0.763
0.500 0.500 0.000 -0.967 -0.120 -0.704
0.500 0.500 0.100 -1.036 -0.167 -0.626
0.500 0.500 0.200 -1.101 -0.214 -0.530
0.500 0.500 0.300 -1.158 -0.261 -0.415
0.500 0.500 0.400 -1.205 -0.305 -0.284
0.500 0.500 0.500 -1.240 -0.344 -0.141
